-1.891,0.988,-1.06,0.119,0.59,0.263,0.372,0.39,-0.376,-0.655
-2.711,0.971,-0.023,0.053,0.101,-0.148,0.382,0.476,-1.05
-3.917,1.925,0.267,1.361,0.453,-0.19,-0.242,-0.633,-0.62,1.039
-2.562,1.361,-0.94,1.333,-1.047,1.208,-0.316,1.055,0.354
-2.375,1.642,0.308,0.255,-0.82,0.225,-0.092,0.874,0.367,-0.525
-3.293,0.93,0.522,1.48,0.249,-0.661,-0.643,-0.094,-0.132,0.198
-2.378,1.568,-0.243,0.407,-0.428,0.229,-0.293,0.297,0.372,-0.512
-1.57,1.655,-1.04,1.16,-0.923,0.961,-0.231,0.955,-0.273,0.065
-3.82,1.705,-1.13,0.45,-0.471,0.665,0.298,-0.175,-0.473,0.848
-3.593,0.29,-0.782,1.707,-0.175,1.662,-0.137,0.493,-0.492,-0.926
-3.565,1.363,0.958,1.976,-1.268,0.091,-1.363,0.72,0.738,1.145
-4.2,2.201,-0.31,-0.392,0.968,0.7,-0.328,0.129,-0.896,0.15
-2.029,0.698,-1.482,0.813,-0.681,0.422,0.016,0.751,-0.3,-0.237
-2.434,2.903,-1.341,-0.411,0.372,0.843,-0.022,0.336,0.123,-0.747
-1.921,0.719,-0.95,0.299,0.222,0.786,0.128,0.588,-0.462,-0.491
-2.509,1.326,0.354,0.663,-0.724,0.418,-0.496,0.713,0.638,-0.204
-2.274,1.653,-0.226,1.857,-0.971,0.327,-0.605,1.121,0.121,0.291
-1.945,0.352,-1.053,-0.228,-0.12,0.927,0.088,0.509,-0.279,-0.246
-3.789,1.42,-0.372,0.568,0.123,0.185,0.078,1.006,-0.722
-3.176,2.997,-1.098,-0.371,-0.418,1.318,0.48,0.472,-0.814,0.106
-2.708,2.396,0.728,0.336,-1.437,-0.344,-0.411,1.469,-0.022,-0.717
-2.67,2.696,-0.231,-0.028,-1.014,0.486,-0.137,0.448,0.285,-0.482
-4.475,4.064,-0.927,-0.678,0.599,0.445,0.224,0.103,-1.336,-0.192
-3.341,1.714,-0.773,0.771,-0.976,0.625,0.078,-0.438,-0.084,0.607
-4.173,2.299,-0.298,-0.13,0.122,0.319,-0.388,-0.328,-0.48
-0.941,0.539,-2.02,0.314,-0.679,1.897,0.028,1.504,-0.632,0.111
-3.19,3.101,-1.659,-0.182,-0.436,0.828,0.272,0.502,-0.857,-0.516
-2.902,2.796,-1.199,0.234,-0.821,1.257,0.263,-0.075,-1.103,0.417
-1.768,0.786,-1.468,1.077,-0.347,1.704,-0.171,1.076,-0.691,-0.06
-4.076,3.336,-0.688,0.677,-1.472,0.461,0.682,0.724,0.717,-0.409
-1.093,-0.922,-2.091,0.844,0.009,1.247,0.891,1.453,-0.089,-0.4
-2.659,-0.101,-0.687,0.697,1.081,1.045,-0.149,0.184,-0.927,0.327
-1.674,1.711,-1.04,1.136,-0.869,1.036,-0.157,0.946,-0.361,0.02
-3.483,2.628,-0.383,0.838,0.2,0.102,-0.162,-0.547,-0.791
-2.704,1.285,-0.908,1.57,-0.84,1.044,-0.399,0.951,0.345
-4.064,4.106,-0.545,0.03,-1.645,0.904,0.103,0.907,0.05,-0.322
-3.747,4.267,-1.847,-0.235,0.38,0.885,-0.049,-0.258,-0.772,-0.11
-2.051,1.508,-1.641,-0.058,-0.102,0.346,-0.021,0.109,-0.147,-0.298
-4.494,1.535,-0.495,1.715,0.044,1.892,-0.367,0.362,-0.583,-0.291
-3.711,1.377,-0.584,1.428,-0.033,1.062,-0.127,0.328,-1.092,-0.565
-4.393,2.137,0.57,1.397,0.293,-0.836,-0.966,-0.461,-0.277,1.184
-4.013,2.101,0.295,1.292,0.45,-0.024,-0.565,-0.588,-0.343,0.695
-2.624,1.653,-0.156,2.023,-1.052,0.086,-0.752,1.341,0.196,0.71
-4.333,2.438,-0.219,1.372,-0.761,0.306,0.594,-0.022,1.103,0.19
-3.105,2.916,-0.207,0.031,-0.897,0.021,-0.229,0.256,1.073,-0.065
-4.474,4.569,-1.069,-1.409,0.137,1.049,0.071,0.877,-1.355,-0.167
-3.57,1.366,0.97,1.957,-1.262,0.002,-1.275,0.585,0.754,0.993
-2.784,1.43,0.145,0.309,-0.931,1.342,0.017,0.589,-0.044,-0.273
-2.105,1.035,-1.705,0.231,-0.558,1.554,-0.649,0.71,-0.855,-0.151
-2.907,1.992,-0.904,0.205,0.011,0.346,-0.031,-0.148,-1.262
-2.444,2.529,-0.487,-0.814,-0.151,1.285,0.077,-0.064,0.287,-0.638
-4.066,1.05,-0.049,0.458,-0.357,1.331,-0.129,0.848,0.509,0.317
-2.748,3.217,-0.976,-0.213,-0.792,0.771,-0.032,0.223,0.043,-0.825
-2.895,0.682,-0.151,0.218,-0.689,1.118,-0.264,0.922,0.757
-4.902,4.49,-0.564,-0.536,-0.164,-0.298,0.842,-0.158,-0.906,0.358
-1.948,1.536,-1.012,0.537,-1.229,0.183,0.46,-0.002,-0.178,-0.576
-2.69,1.652,-1.261,0.674,-0.964,1.449,-0.593,1.005,-0.303
-2.911,1.928,-1.131,0.899,-0.911,1.111,-0.208,-0.047,-0.029,-0.539
-2.64,1.322,-0.111,0.861,0.026,-0.354,-0.425,0.083,-0.235,0.781
-3.642,3.582,-1.031,-0.761,0.046,1.255,0.841,0.512,-0.259,-0.447
-3.455,2.561,-0.421,0.847,0.33,0.057,-0.177,-0.494,-0.786
-2.652,2.156,-0.053,1.694,-1.258,0.062,-0.61,1.397,0.133,0.602
-3.473,2.178,-0.82,0.706,-1.71,0.779,0.422,0.351,0.426,-0.267
-2.627,2.089,-1.434,0.937,-0.615,0.43,-0.311,-0.203,0.038,0.933
-3.52,3.318,-1.867,0.691,0.263,0.822,0.14,-0.62,-1.098,0.083
-2.758,2.067,-0.31,-0.543,-0.687,0.091,0.881,0.172,-0.454,-0.093
-4.074,2.281,0.152,1.556,-1.613,-0.047,0.222,0.252,0.775,0.125
-2.964,2.811,-1.317,0.324,-0.781,1.369,0.127,-0.368,-0.677,0.493
-2.611,0.434,0.231,1.343,0.323,-0.378,-0.618,-0.219,-0.285,0.347
-2.942,2.642,-1.217,0.384,-0.994,1.467,0.134,-0.458,-0.465,0.646
-3.594,-0.137,-0.028,1.018,1.069,0.723,0.695,-0.982,-1.433,0.249
-2.391,-0.347,-1.474,0.843,0.089,2.021,0.417,0.502,-0.86,-0.978
-2.484,0.559,0.624,1.951,-0.646,0.381,-1.106,0.036,0.24,1.291
-1.298,-0.295,-2.433,0.955,-0.278,2.252,0.285,0.915,-1.569,-0.562
-4.813,1.042,0.887,1.661,-0.534,0.747,-0.513,-0.448,-0.412,1.214
-3.783,1.974,-1.2,0.606,-0.65,1.504,-0.134,0.528,0.392,-0.58
-3.975,3.066,-0.506,-0.827,-0.478,0.434,0.356,0.939,-1.309,0.204
-3.002,2.944,-1.379,-0.188,-0.131,0.957,0.346,-0.392,-0.711,0.617
-3.549,1.905,-0.509,1.963,-1.2,0.847,-0.157,0.842,0.625,-0.586
-3.098,2.525,-0.316,-0.322,-1.082,0.285,0.445,0.847,-0.951,-0.707
-4.208,2.447,0.049,1.331,-2.088,0.585,-0.05,0.82,0.606,-0.302
-2.7,2.686,-0.043,-0.528,-0.626,0.917,0.167,0.652,0.1,-0.937
-3.985,3.614,0.584,-0.42,-1.105,-0.174,0.348,0.885,-0.165,0.65
-2.681,0.531,0.252,1.239,0.469,-0.339,-0.652,-0.417,-0.246,0.412
-3.949,2.99,-0.643,-0.986,-0.175,0.768,0.249,0.803,-1.479,0.168
-3.117,2.876,-0.746,-0.047,-0.427,-0.053,0.453,0.305,0.541,-0.489
-4.261,1.827,-0.482,-0.194,0.731,0.354,-0.478,0.05,-0.112
-3.055,0.088,-1.217,1.562,0.186,2.059,0.054,0.639,-1.121,-0.757
-3.152,3.176,-1.573,-0.204,-0.485,0.723,0.308,0.652,-0.872,-0.586
-3.091,0.935,-0.574,1.36,0.416,0.764,-0.48,-0.144,-1.295,0.696
-2.836,1.561,-0.076,1.229,-0.291,-0.036,-0.369,-0.393,-0.181,0.85
-2.823,2.743,-2.012,0.234,-0.919,1.103,0.091,-0.177,-0.143,-0.09
-1.764,0.888,-1.001,0.197,0.3,0.66,0.159,0.557,-0.301,-0.65
-4.753,3.421,-0.189,0.656,-0.984,1.443,-0.652,0.546,0.123,-0.326
-2.03,1.764,-0.386,-0.249,0.18,0.117,0.096,-0.121,0.067,-0.552
-2.812,1.954,-0.661,0.109,-0.011,0.11,0.187,0.096,-1.538
-3.862,2.109,-0.65,0.99,0.724,0.641,-0.293,-0.519,-1.055,0.653
-3.119,3.135,-1.466,-0.352,-0.023,0.752,0.143,-0.231,-0.376,0.721
-1.077,0.511,-2.006,0.305,-0.584,1.962,0.089,1.406,-0.669,-0.027
-2.689,0.528,0.157,1.501,0.349,-0.412,-0.49,-0.512,-0.277,0.422
-3.618,1.576,-1.14,0.699,-0.741,1.633,-0.387,1.086,0.235,-0.388
-4.16,3.329,0.275,0.394,-1.287,0.693,0.483,0.121,0.286,0.153
-3.992,3.342,0.167,0.086,-1.23,-0.216,-0.824,0.837,0.521,0.978
-2.902,2.988,-1.152,0.057,-0.477,0.622,0.338,-0.368,-0.689,0.793
-4.135,3.651,-0.751,-0.066,-0.789,1.131,0.496,0.788,-0.883,-0.351
-3.018,3.014,-1.486,-0.105,-0.131,0.929,0.226,-0.463,-0.555,0.598
-2.563,2.829,-0.283,-0.368,-1.593,0.408,0.121,0.933,-0.946,-0.356
-2.658,2.739,-0.382,-0.31,-1.64,0.081,0.276,0.884,-0.535,-0.548
-4.848,1.115,0.932,1.615,-0.589,0.592,-0.446,-0.366,-0.447,1.294
-3.835,3.339,0.29,-0.126,-1.68,0.195,-0.368,1.328,0.523,0.861
-2.742,2.729,-0.129,-0.49,-0.573,0.868,0.07,0.771,0.053,-0.939
-3.977,3.684,-1.242,-0.364,-0.217,0.594,0.759,0.6,0.069,-0.25
-3.387,3.286,-0.747,-0.699,-0.9,0.891,0.875,0.46,-0.457,-0.636
-3.753,3.605,-0.899,-0.747,-0.401,1.765,0.62,0.754,-0.835,-0.301
-2.52,1.52,-0.959,1.296,-1.103,1.149,-0.268,1.249,0.092
-2.045,0.819,-1.46,0.652,-0.701,0.352,-0.087,0.793,-0.567,-0.013
-2.785,2.792,-1.924,0.225,-0.985,1.076,0.07,-0.071,-0.257,-0.135
-2.318,1.097,-0.832,0.26,0.821,0.588,0.402,0.327,-0.852,-0.773
-2.834,0.654,0.733,1.434,-0.716,-0.028,-0.841,0.239,0.92,0.885
-1.28,0.798,-1.647,0.968,-0.418,1.609,-0.031,1.224,-0.374,0.044
-2.696,1.26,0.436,0.657,-1.161,0.805,0.062,0.575,0.182,-0.334
-3.019,0.058,-1.265,1.497,0.171,1.997,0.178,0.847,-1.16,-0.548
-4.232,3.035,0.428,0.497,-1.374,0.549,0.133,0.232,0.129,0.487
-3.034,0.694,-1.007,1.453,0.155,1.48,0.179,1.005,-0.54,-0.563
-3.674,1.513,0.038,1.604,0.907,1.045,-0.166,-0.295,-1.13,0.594
-3.566,1.504,0.94,1.829,-1.224,0.178,-1.454,0.92,0.767,1.059
-3.85,2.28,-1.055,-0.335,-0.164,0.41,0.913,-0.391,-0.338,0.26
-1.716,1.186,-0.809,-0.515,-0.35,0.29,-0.404,0.678,0.172,-0.212
-2.01,2.164,-0.626,0.389,-0.24,-0.441,0.103,-0.27,-0.647,0.165
-3.232,1.551,-0.832,1.674,-0.042,0.296,-0.553,-0.443,-0.413,0.96
-4.568,3.344,-0.005,-0.092,-0.546,0.479,-0.168,1.186,-0.565,-1.025
-2.715,2.325,0.701,0.239,-1.426,-0.218,-0.317,1.516,-0.162,-0.703
-4.074,4.187,-0.555,0.052,-1.603,0.73,-0.061,0.981,0.249,-0.25
-2.696,3.129,-0.52,0.294,-0.989,0.019,-0.066,1.106,0.361,-0.396
-2.615,1.185,-1.162,0.395,0.459,0.345,0.298,0.456,-0.62,-0.307
-2.837,0.528,0.241,1.629,0.23,-0.545,-0.643,-0.231,-0.186,0.45
-1.998,1.497,-1.005,0.519,-1.236,0.398,0.273,0.151,-0.319,-0.49
-3.51,2.535,-0.26,0.946,-0.072,0.159,-0.112,-0.657,-0.789
-1.885,2.214,-0.673,0.147,-0.148,-0.4,0.252,-0.098,-0.874,0.245
-3.917,3.496,0.409,-0.531,-1.15,0.017,0.605,0.977,-0.328,0.447
-3.665,0.337,-0.641,1.791,-0.194,1.686,-0.359,0.57,-0.676,-0.841
-2.46,3.706,-1.304,-0.339,-0.487,1.125,0.187,-0.211,-1.068,0.944
-2.913,0.757,-0.819,1.245,0.419,1.17,0.051,0.328,-0.96,-0.614
-2.64,2.704,-0.345,-0.23,-1.649,0.064,0.275,0.952,-0.651,-0.571
-3.661,3.266,-0.117,-0.237,-0.755,0.092,0.686,0.381,-0.58,-0.687
-4.763,1.305,1.231,1.548,0.308,-0.152,-0.792,-0.124,-0.107,0.885
-2.98,1.29,-0.842,0.955,-0.491,0.572,0.267,0.692,0.084
-3.065,1.781,-0.915,0.698,0.175,0.662,-0.086,-0.361,-0.774,0.951
-2.489,2.401,-0.44,-0.367,-0.069,0.533,0.011,0.118,-0.621,-0.188
-4.101,2.84,-0.802,0.062,-0.733,1.304,-0.145,0.443,0.049,-0.611
-2.788,3.194,-1.142,-0.313,-0.58,0.357,0.281,0.082,0.109,-0.858
-2.505,0.632,-0.593,0.304,0.496,0.824,-0.162,0.181,-0.363,-0.764
-4.415,3.737,-1.313,-0.815,0.168,0.59,0.975,0.42,-0.825,-0.748
-3.027,2.903,-0.799,-0.452,-0.503,1.044,0.679,0.483,-0.776,-0.062
-3.155,1.021,0.455,0.624,-1.306,0.842,-0.123,0.909,0.328,0.876
-2.804,1.021,0.254,0.331,-0.654,0.854,-0.085,0.678,0.259
-4.386,3.055,0.075,-0.018,-0.436,0.566,-0.288,0.936,-0.577,-1.01
-2.505,2.358,-0.184,-0.792,-0.316,1.363,0.302,-0.121,0.214,-0.622
-2.247,3.42,-0.887,-0.823,-0.297,0.774,0.185,-0.242,-0.79,0.046
-2.081,2.043,-0.521,0.578,-0.463,-0.246,-0.041,-0.162,-0.814,0.425
-2.559,2.3,0.408,-0.001,-1.077,0.125,-0.254,0.975,0.07,-0.47
-2.434,0.87,0.127,0.224,-0.811,0.666,-0.233,0.705,0.408
-1.358,0.136,-1.082,-0.148,-0.609,1.464,0.144,1.149,0.481,0.119
-4.676,2.537,0.075,0.73,-0.933,1.493,0.049,0.076,0.254,0.276
-3.586,-0.38,-0.359,1.307,1.587,0.99,0.18,-0.831,-0.471,0.198
-3.141,3.314,-0.996,-0.394,-0.19,-0.312,0.137,0.631,0.547,-0.247
-2.758,2.839,-0.282,-0.449,-0.485,0.788,0.12,0.792,0.023,-0.949
-2.817,1.268,-1.127,0.707,0.399,0.406,0.289,0.319,-0.691,-0.379
-3.707,1.486,-0.494,0.402,0.183,0.186,0.234,1.029,-0.856
-3.838,4.252,-1.621,-0.219,-0.281,0.856,0.154,0.133,-0.92,-0.454
-4.039,3.506,-0.964,0.041,-0.4,0.976,0.65,0.659,-0.216,-0.327
-3.462,2.648,-0.447,-0.0,-0.416,0.767,0.569,-0.072,-0.08,-0.798
-2.316,2.007,-1.365,0.181,0.206,0.071,0.037,0.814,-0.332,-0.753
-2.922,1.516,-0.002,-0.353,-0.464,1.184,0.383,-0.175,-0.346
-5.131,2.192,1.364,1.936,-0.591,-0.354,-0.677,0.15,0.178,0.38
-3.941,3.353,0.486,-0.506,-1.12,0.101,0.297,0.711,-0.078,0.648
-3.49,-0.474,0.187,1.747,0.733,1.307,-0.816,-0.787,-0.222,0.41
-1.332,0.848,-1.665,0.97,-0.463,1.522,-0.159,1.101,-0.541,-0.05
-1.548,-0.4,-1.659,0.244,-0.101,1.562,0.551,1.248,0.129,-0.456
-3.81,1.91,0.527,0.478,-0.972,0.945,-0.28,0.719,0.482,0.829
-2.364,3.743,-1.393,-0.361,-0.354,1.004,0.208,-0.376,-1.046,0.722
-2.353,2.897,-0.433,-0.193,-0.715,0.359,0.26,0.273,-1.206,0.36
-3.32,1.553,-0.586,1.688,-0.262,0.392,-0.478,-0.461,-0.522,0.929
-2.971,0.463,-0.195,0.323,-0.625,0.941,-0.327,0.78,0.552
-4.314,-0.106,1.044,1.192,0.687,0.763,0.158,-0.193,-1.342,-0.447
-3.635,2.25,-0.394,1.012,-1.693,0.117,0.665,0.281,0.343,-0.003
-2.027,2.157,-0.297,-0.211,-0.266,0.086,-0.176,-0.179,-0.283,0.292
-2.729,1.595,-0.15,0.167,0.015,0.377,0.083,-0.038,0.166,-0.672
-2.931,1.85,-0.896,0.685,-1.0,0.504,0.212,-0.276,-0.203,0.595
-2.043,1.95,-0.435,1.341,-1.049,0.558,-0.237,1.237,-0.283,0.306
-3.152,0.086,-0.325,0.868,1.084,0.753,-0.522,-0.005,-0.821,0.483
-1.388,0.215,-1.105,-0.295,-0.39,1.282,0.356,0.816,0.292,-0.376
-4.175,3.32,-0.446,0.988,-1.48,0.133,0.507,0.605,0.691,-0.462
-2.312,1.746,-1.51,1.019,-0.99,0.941,-0.488,0.208,0.033,-0.847
-4.403,3.602,-0.945,-0.934,0.041,0.409,1.003,0.47,-0.477,-0.621
-3.5,0.068,0.533,1.876,0.363,0.542,-0.982,-0.671,-1.006,1.101
-3.601,0.742,-0.238,0.332,-0.561,1.275,-0.014,0.844,0.558,0.659
-3.545,1.926,-0.512,1.732,-1.109,1.006,0.021,0.82,0.731,-0.639
-2.724,2.998,-0.56,-0.077,-0.944,0.548,-0.08,0.4,0.144,-0.63
-1.895,-0.012,-0.97,-0.152,-0.161,1.509,0.487,0.809,0.044,-0.264
-3.664,1.119,-0.459,0.482,0.082,0.221,0.185,0.861,-0.237
-1.951,1.684,-1.039,0.586,-1.166,0.345,0.33,-0.108,-0.198,-0.609
-4.384,3.721,-0.905,-0.965,-0.16,0.498,0.809,0.66,-0.613,-0.831
-3.032,1.739,-1.141,0.737,-0.834,1.386,-0.575,0.679,-0.018
-3.128,0.28,0.955,1.264,0.753,0.437,-0.841,-0.517,-0.473,0.0
-2.125,1.952,-0.415,1.458,-0.985,0.52,-0.344,1.249,-0.37,0.145
-2.445,2.678,-0.816,-0.743,0.076,1.117,-0.057,0.018,0.281,-0.72
-4.788,3.632,-0.71,0.3,0.366,-0.121,0.403,-0.016,0.124,-1.32
-1.494,0.663,-1.58,1.191,-0.252,1.777,-0.072,1.189,-0.409,0.09
-2.8,2.609,-1.726,0.036,-0.941,1.039,0.191,0.044,-0.165,-0.234
-2.665,1.633,-0.384,-0.111,-0.001,0.234,0.033,0.478,-1.558
-4.373,2.463,-0.171,1.501,-0.639,0.292,0.518,-0.114,1.127,0.332
-3.775,2.188,-1.017,0.687,-0.464,1.189,-0.157,1.673,-0.024,-1.144
-3.689,1.367,-0.389,0.376,0.136,0.343,0.156,1.01,-0.611
-2.867,1.391,-0.817,1.595,-0.883,1.143,-0.427,1.159,0.17
-5.069,2.119,0.826,-0.274,0.576,0.145,0.308,1.001,-1.412,-0.306
-3.034,-1.274,0.263,1.521,0.66,1.622,-0.361,-0.468,-0.74,0.517
-2.594,2.584,-0.37,-0.524,-0.177,0.515,-0.137,0.095,-0.731,0.072
-2.411,3.85,-1.405,-0.302,-0.398,1.069,0.216,-0.291,-1.116,1.043
-3.198,1.373,0.392,0.423,-1.203,0.656,-0.428,0.994,0.576,0.865
-3.171,0.49,-1.128,0.911,-0.388,2.014,-0.212,0.707,-0.551,-0.187
-4.417,3.765,-1.225,-0.853,0.041,0.536,0.885,0.533,-0.757,-0.789
-1.4,0.316,-1.894,0.83,-0.242,2.038,0.003,1.667,-0.515,-0.087
-1.817,0.559,-0.801,0.234,0.011,1.215,-0.161,0.809,0.018,-0.382
-4.049,4.039,-0.558,0.064,-1.676,1.024,0.047,1.024,-0.091,-0.283
-2.973,1.304,-0.849,0.984,-0.508,0.59,0.248,0.728,0.073
-4.442,2.607,0.596,0.191,0.636,0.679,-0.14,0.774,-0.828,-1.122
-3.888,3.085,0.436,0.142,-1.526,-0.052,-0.503,1.085,0.511,0.976
-2.752,1.778,-0.718,0.057,-0.009,0.402,0.121,0.05,-1.435
-3.53,1.268,0.903,1.887,-1.279,0.008,-1.441,0.657,0.873,1.042
-2.939,2.157,-0.451,-0.209,-0.88,0.697,0.823,-0.035,-0.744,-0.193
-2.814,1.515,-0.088,0.597,-0.033,-0.29,-0.445,0.113,-0.136,0.662
-2.967,2.781,-1.277,0.354,-0.936,1.505,-0.004,-0.418,-0.56,0.725
-4.181,1.646,0.736,1.286,0.724,-0.511,-1.126,-0.45,-0.648,0.995
-3.322,-0.303,-0.5,0.963,0.921,0.981,1.059,-1.079,-1.004,0.112
-4.142,3.454,-0.653,0.271,-0.598,0.793,0.563,0.52,-0.118,-0.33
-4.17,2.232,-0.389,1.211,-1.011,0.57,0.543,0.218,1.206,0.044
-2.884,2.424,-0.764,-0.108,-1.015,0.361,0.712,0.133,-0.017,-0.847
-3.962,1.724,-1.29,0.531,-0.17,0.528,0.282,-0.149,-0.603,1.139
-4.062,2.358,-0.31,1.895,1.095,0.049,-0.87,-0.524,-0.98,-0.065
-3.979,3.661,0.169,-0.598,-1.412,0.569,0.009,1.939,0.094,-0.149
-4.964,2.78,0.474,0.047,0.417,-0.328,0.334,0.474,-1.26,-0.221
-2.951,2.64,0.832,-0.387,-1.502,0.272,0.756,0.538,0.616,-0.399
-4.188,3.229,-0.456,1.077,-1.385,-0.104,0.459,0.558,0.701,-0.32
-4.052,0.35,-0.314,1.734,0.127,1.667,0.512,-0.377,-0.358,-0.855
-2.282,0.673,-0.798,1.286,0.308,0.01,-0.411,-0.61,-0.266,0.584
-2.291,1.146,0.352,0.354,-0.714,0.08,-0.181,0.787,0.709,-0.409
-4.602,3.043,-0.959,0.828,-0.298,0.315,0.423,0.57,0.387,-0.617
-3.66,3.618,-1.051,-0.748,0.08,1.022,0.914,0.613,0.023,-0.448
-4.759,2.696,0.104,0.697,-0.787,1.114,0.205,-0.066,0.369,0.306
-2.255,0.902,-1.723,0.454,-0.524,1.453,-0.614,0.761,-0.885,-0.118
-3.622,1.111,-0.972,0.399,-0.402,0.527,0.271,0.373,-0.716,0.943
-3.337,-0.347,-0.79,2.129,-0.058,2.079,0.295,0.246,-0.687,-1.241
-2.497,1.607,-0.621,-0.446,-0.226,-0.152,1.16,0.122,-0.809,0.495
-3.425,1.724,-0.638,1.573,-1.041,1.204,-0.124,1.258,0.548,-0.507
-3.689,-0.599,0.692,1.307,0.605,1.514,-0.752,-0.697,-0.355,0.702
-3.118,0.356,0.377,1.447,0.868,0.407,-0.915,-0.546,-0.637,0.169
-2.596,1.56,-1.249,0.656,-1.095,1.292,-0.55,1.006,-0.15
-2.861,2.091,-0.411,-0.438,-0.643,0.317,0.817,0.104,-0.481,-0.252
-3.828,2.367,-0.836,-0.343,-0.466,0.116,1.172,-0.175,-0.275,0.117
-3.518,0.716,-0.365,1.788,0.584,1.678,-0.109,-0.016,-1.501,0.002
-2.613,-0.092,-0.54,0.484,0.389,1.741,0.198,0.257,-0.375,-0.604
-3.165,0.408,-0.971,1.207,-0.298,1.921,-0.215,0.723,-0.492,-0.425
-2.959,1.061,-0.351,1.745,-0.851,0.344,-0.373,-0.729,0.048,0.815
-2.945,1.724,-0.312,-0.239,-0.447,1.36,0.014,-0.102,0.021
-4.079,2.663,-0.048,-0.315,0.234,0.861,0.335,0.435,-0.546,-0.928
-1.933,0.728,-1.015,0.27,0.199,0.78,0.192,0.706,-0.446,-0.595
-3.644,-0.215,-0.579,2.307,0.046,1.945,0.28,0.272,-0.539,-1.226
-4.022,0.941,-0.623,1.461,0.02,1.904,-0.074,0.464,-0.541,-0.211
-4.21,3.869,0.164,-0.047,-1.251,-0.102,0.276,0.919,0.091,-0.159
-3.887,3.172,-0.739,-0.69,-0.548,0.33,0.569,0.98,-1.609,0.283
-3.543,0.624,0.674,1.413,0.653,-0.445,-0.803,-0.256,-0.65,0.423
-3.249,1.042,0.589,1.408,0.023,-0.821,-0.581,0.031,0.068,0.325
-2.679,1.731,-0.09,2.003,-1.009,0.038,-0.822,1.232,0.128,0.72
-3.052,3.059,-1.668,-0.208,0.466,0.724,-0.237,-0.175,-0.315,0.411
-5.105,1.968,1.14,1.719,-0.443,-0.432,-0.969,-0.173,0.551,0.176
-3.847,4.268,-1.521,-0.465,-0.23,1.067,-0.02,0.005,-0.577,-0.509
-3.206,1.899,-0.933,0.733,0.261,0.565,-0.225,-0.339,-0.677,0.765
-3.299,1.73,0.187,0.121,-1.251,0.796,-0.366,1.091,0.493,0.436
-4.544,1.672,0.643,1.281,0.504,-0.803,-0.709,-0.229,-0.546,1.058
-1.768,1.769,-1.142,-0.739,-0.086,0.12,-0.23,0.217,-0.009,-0.279
-3.237,0.436,-0.86,1.363,-0.251,1.915,-0.395,0.751,-0.774,-0.327
-2.643,2.021,-1.265,0.759,-0.442,0.159,-0.032,-0.145,-0.164,0.86
-4.264,2.925,0.065,0.794,0.323,0.515,-1.282,-0.14,-0.863,-0.39
-3.958,3.922,0.15,-0.265,-1.201,-0.249,0.202,1.163,-0.049,-0.039
-3.548,1.611,-0.85,0.374,0.168,0.318,0.463,0.863,-1.131
-2.704,0.917,0.267,0.314,-0.756,0.818,-0.114,0.673,0.261
-2.447,1.914,-0.208,1.641,-1.159,0.104,-0.539,1.58,0.058,0.786
-3.7,1.841,-0.675,0.441,-0.383,0.89,0.176,0.594,-0.677
-2.776,2.563,0.532,0.277,-1.47,-0.368,-0.278,1.479,-0.164,-0.797
-2.464,1.968,0.026,0.078,-0.542,0.074,0.051,0.596,0.26,-0.437
-2.898,3.393,-0.409,-0.993,-0.587,1.322,0.24,0.231,-1.068,-0.094
-2.708,2.56,-0.439,0.324,-0.348,0.429,0.091,-0.037,-0.434,0.344
-1.577,0.907,-0.291,0.007,-0.256,-0.233,0.187,-0.052,-0.627,0.238
-3.772,0.904,-0.195,0.317,-0.473,1.31,-0.043,0.898,0.536,0.503
-2.012,1.134,-1.029,0.205,0.661,0.359,0.456,0.372,-0.939,-0.613
-2.633,0.672,-0.372,0.439,0.437,0.907,-0.402,-0.04,-0.366,-0.741
-2.05,0.065,-0.938,-0.037,0.082,1.561,0.393,0.835,-0.029,-0.394
-1.596,0.885,-0.199,0.199,-0.115,-0.474,0.428,-0.113,-0.61,0.131
-3.092,3.014,-0.307,-0.016,-0.956,0.195,-0.227,0.367,0.958,-0.092
-2.625,1.551,0.298,0.324,-1.05,0.746,0.067,0.603,0.342,-0.413
-4.611,2.962,-0.856,1.161,-0.612,0.469,0.162,0.705,0.37,-0.916
-2.882,2.165,-0.589,0.173,-1.165,0.014,0.571,0.502,-0.093,-0.616
-1.954,1.595,-1.593,0.37,-0.136,0.022,0.034,0.321,-0.19,-0.491
-4.267,3.01,0.172,0.028,-0.827,0.532,0.099,0.326,0.34,0.696
-3.811,2.123,0.278,1.552,0.754,0.492,-0.584,-0.433,-0.988,0.652
-3.836,3.699,-0.225,1.52,-1.729,-0.184,0.064,0.97,0.5,-0.13
-4.045,2.377,-0.3,2.002,0.826,-0.18,-0.768,-0.408,-0.787,0.156
-3.05,3.055,-1.598,-0.12,0.144,0.757,0.119,-0.397,-0.396,0.477
-3.871,1.694,-0.606,1.428,0.044,0.844,-0.013,0.126,-1.218,-0.553
-2.439,0.789,0.082,0.242,-0.693,0.595,-0.353,0.702,0.413
-3.141,1.873,-1.131,0.941,-0.759,1.224,-0.354,0.016,-0.218,-0.568
-3.776,1.752,0.92,0.722,-1.164,0.774,-0.01,0.657,0.248,1.055
-3.687,1.784,-1.593,1.603,0.123,1.424,-0.225,0.441,0.206,-0.714
-1.707,1.652,-1.012,-0.622,-0.293,0.279,-0.276,0.477,0.05,-0.2
-2.475,1.498,0.864,0.397,-1.17,-0.234,-0.388,0.825,0.16,0.057
-1.537,0.043,-1.125,-0.213,-0.378,1.265,0.33,0.87,0.293,-0.393
-2.906,1.102,-0.491,0.575,-0.386,0.771,-0.134,0.977,-0.54,-0.604
-2.385,1.241,0.272,-0.04,-0.692,0.16,-0.061,-0.189,0.744,0.088
-3.236,2.745,-0.806,-0.2,-0.386,0.358,0.889,0.516,-0.297,-1.075
-4.513,3.08,0.068,0.05,-0.484,0.341,-0.257,1.302,-0.517,-1.057
-2.287,1.809,-1.498,1.012,-1.053,1.06,-0.567,0.235,-0.091,-0.795
-2.764,1.111,0.727,1.54,-0.855,0.261,-1.11,0.227,0.42,0.991
-4.717,3.059,-0.682,0.532,-0.48,0.731,0.174,0.493,0.635,-0.473
-2.531,1.802,0.739,0.236,-1.169,-0.069,-0.349,0.903,0.123,-0.119
-4.174,3.54,-1.43,0.417,0.267,0.918,-0.118,-0.267,-0.162,-0.71
-3.312,-0.776,-0.504,1.39,0.86,1.257,0.222,0.314,-0.715,-0.765
-2.933,0.717,0.829,1.508,-0.517,0.069,-1.163,0.021,0.866,1.066
-2.919,3.48,-0.823,-0.751,-0.416,1.045,0.609,0.18,-1.172,0.123
-3.008,2.882,-0.9,0.214,-0.565,-0.197,0.449,0.305,0.413,-0.3
-3.74,1.832,-1.384,1.587,0.049,1.642,-0.516,0.707,-0.169,-0.522
-1.566,0.93,-0.181,-0.155,-0.164,-0.277,0.144,-0.047,-0.694,0.282
-3.958,4.132,-0.074,-0.19,-1.184,-0.11,-0.679,1.198,0.442,0.563
-3.053,0.716,-1.024,1.422,0.184,1.473,0.261,0.983,-0.431,-0.717
-2.306,1.086,-0.59,0.106,0.931,0.733,0.213,0.274,-0.684,-0.911
-4.066,0.398,-0.382,1.679,0.121,1.617,0.504,-0.315,-0.226,-0.873
-4.711,1.166,1.244,1.746,0.311,-0.305,-0.691,-0.137,-0.288,1.023
-1.79,0.793,-1.041,0.214,0.215,0.694,0.121,0.583,-0.403,-0.487
-3.239,3.083,-1.427,-0.202,-0.282,1.421,0.576,0.068,-0.914,0.147
-3.924,2.726,0.414,-0.155,-0.02,0.893,-0.188,0.552,-0.507,-0.617
-2.842,1.343,-0.713,0.003,0.126,0.411,0.538,-0.077,-0.995,0.092
-2.92,2.697,-0.116,0.451,-0.859,-0.035,-0.307,0.874,0.622,-0.301
-4.094,3.586,-0.845,-0.026,-0.538,0.964,0.666,0.647,-0.412,-0.477
-2.308,2.023,-0.203,1.493,-1.223,0.379,-0.481,1.403,-0.045,0.402
-2.415,2.517,-0.285,0.085,-0.902,0.283,0.302,0.247,-1.207,0.371
-2.729,2.104,-0.505,0.138,-0.533,0.455,0.148,-0.407,-1.059,0.625
-4.077,2.542,0.039,0.082,0.218,0.393,0.324,0.399,-0.658,-0.964
-5.058,2.236,1.381,1.885,-0.259,-0.483,-0.562,0.123,-0.063,0.663
-3.731,1.927,-0.705,0.453,-0.372,1.149,0.046,0.323,-0.627
-3.781,-0.011,0.102,1.115,1.036,0.651,0.615,-1.082,-1.272,0.05
-4.036,2.141,-0.355,-0.602,0.837,0.663,-0.013,0.507,-1.412,0.21
-2.263,3.344,-1.165,-0.625,-0.159,0.926,0.13,-0.33,-0.783,0.31
-3.0,1.524,-0.866,1.015,-0.4,0.861,0.174,0.938,-0.216
-4.477,0.246,1.087,1.108,0.682,1.057,0.424,-0.264,-1.195,-0.52
-4.283,2.829,0.296,0.086,-0.544,0.501,-0.317,0.995,-0.34,-1.113
-2.905,2.311,-0.658,0.022,-1.121,0.25,0.467,0.484,-0.157,-0.676
-3.224,0.487,0.822,1.324,0.753,0.352,-0.976,-0.562,-0.489,0.172
-3.735,2.096,-0.818,0.463,-0.221,1.144,0.023,0.224,-0.745
-4.065,2.876,-0.856,-0.221,-0.533,0.232,0.855,0.633,-1.452,0.272
-3.919,2.575,0.471,-0.064,-0.042,0.88,-0.128,0.612,-0.504,-0.539
-2.982,0.522,-0.1,0.362,-0.66,1.115,-0.305,0.859,0.637
-4.172,3.188,-0.375,1.028,-1.41,0.008,0.513,0.635,0.802,-0.28
-3.824,1.832,1.093,1.024,-1.09,0.56,-0.336,0.299,0.126,1.005
-2.377,-0.266,-1.371,1.09,0.24,1.843,0.107,0.702,-1.256,-0.62
-3.963,2.272,-0.534,0.977,0.329,0.514,-0.363,-0.425,-0.712,0.41
-3.834,3.749,-0.183,1.518,-1.585,-0.281,-0.334,1.191,0.425,-0.104
-1.657,0.056,-1.044,-0.32,-0.316,1.321,0.638,0.8,0.298,-0.159
-3.648,1.812,-1.378,1.578,0.065,1.577,-0.466,0.702,0.06,-0.836
-2.979,1.795,-0.87,1.427,-0.93,1.323,-0.212,1.286,-0.135
-4.782,3.325,-0.071,0.663,-0.913,1.012,-0.033,-0.103,0.483,-0.202
-4.52,2.231,-0.088,0.513,-0.528,1.246,0.198,0.242,0.161,0.769
-2.058,-0.61,-1.497,0.696,0.072,1.802,0.626,1.303,-0.192,-0.538
-3.986,2.325,0.102,1.633,-2.014,0.576,-0.344,1.003,0.566,-0.245
-2.176,1.952,-0.144,1.659,-1.128,0.28,-0.658,1.346,0.008,0.505
-3.133,1.983,-1.398,0.254,-0.667,0.532,0.389,-0.178,-0.584,0.844
-2.382,-0.294,-1.397,1.051,0.211,1.901,0.151,0.654,-1.286,-0.609
-1.814,0.923,-0.931,0.12,0.425,0.554,0.237,0.426,-0.184,-0.727
-2.54,2.925,-0.377,-0.745,-0.562,0.981,0.303,0.539,0.127,-0.959
-2.957,0.596,-0.756,0.89,0.58,0.836,0.543,0.036,-0.232,-0.579
-3.984,2.29,-0.103,-0.707,0.297,0.317,0.857,1.403,-1.253,-0.298
-2.026,2.433,-0.411,0.064,0.223,-0.027,-0.424,-0.009,-0.305,0.345
-2.368,1.727,-1.556,1.162,-0.819,0.941,-0.572,0.345,-0.279,-0.736
-2.695,1.119,-0.986,0.172,0.499,0.372,0.088,0.63,-0.721,-0.256
-3.369,1.784,-0.603,1.303,0.007,-0.044,-0.459,-0.012,-0.591,1.047
-2.968,2.149,0.13,0.676,-0.79,0.112,-0.507,0.762,0.625,-0.272
-4.473,0.373,0.858,0.919,0.778,1.272,0.653,-0.216,-0.891,-0.627
-2.453,-0.32,-1.368,1.04,0.174,1.985,0.158,0.59,-1.318,-0.587
-4.718,3.281,-0.203,0.651,-0.883,1.413,-0.663,0.583,0.237,-0.307
-3.894,2.91,-0.968,-0.671,-0.131,0.519,0.591,0.708,-1.515,0.121
-3.065,3.139,-0.461,-0.221,-0.759,-0.045,0.068,0.274,0.999,-0.331
-2.458,1.586,-0.359,0.376,-0.244,0.134,-0.163,0.298,0.444,-0.711
-4.544,3.046,1.028,-0.016,0.447,0.884,-0.094,0.885,-0.459,-1.099
-3.451,2.257,-0.845,0.432,0.486,0.266,-0.215,0.006,-1.082
-2.924,2.731,-1.138,0.066,0.1,0.683,0.162,-0.399,-0.882,0.827
-1.895,0.755,-1.388,0.638,-0.614,0.246,-0.033,0.693,-0.27,-0.346
-2.846,2.43,-0.78,-0.153,-0.905,0.24,0.746,0.14,-0.114,-0.746
-2.973,0.036,-1.273,1.519,0.195,1.98,0.131,0.832,-1.157,-0.547
-3.33,1.529,-0.552,2.023,-0.845,0.016,0.049,0.512,0.396,0.386
-3.268,-0.079,-0.693,0.763,1.043,1.194,0.892,-1.293,-1.033,0.199
-3.208,-0.608,-0.516,1.098,1.529,1.069,0.186,-0.947,-0.248,-0.059
-3.893,3.69,0.079,-0.151,-1.093,-0.518,0.198,1.583,-0.257,-0.169
-3.0,0.217,-0.855,0.803,-0.008,1.795,-0.01,1.07,-0.061,-1.046
-4.893,3.37,-0.464,0.538,-0.327,0.496,0.27,0.47,0.742,-0.141
-2.927,2.202,-0.532,-0.486,-0.519,0.585,0.813,-0.133,-0.475,-0.349
-3.05,1.6,-0.686,1.543,-1.149,-0.043,0.297,0.727,0.598,0.458
-3.482,1.127,0.899,1.993,-1.385,-0.05,-1.273,0.647,0.844,1.044
-3.478,1.703,-0.557,2.191,-1.043,0.339,-0.004,0.587,0.45,0.006
-1.823,-0.578,-1.624,0.52,0.052,1.711,0.535,1.318,-0.115,-0.505
-3.492,3.446,-1.734,0.705,-0.23,1.339,0.092,-0.698,-1.143,-0.05
-4.008,2.141,-0.18,1.041,0.688,0.712,-0.879,-0.201,-1.066,-0.549
-3.62,1.066,0.158,1.393,0.879,1.02,-0.09,0.087,-1.333,0.585
-2.382,1.984,-1.096,-0.103,0.369,0.204,-0.125,0.752,-0.136,-0.959
-2.432,2.126,-0.218,1.422,-1.169,0.41,-0.393,1.326,-0.067,0.225
-3.004,1.09,-0.328,1.652,-0.679,0.287,-0.297,-0.695,-0.145,0.71
-3.631,1.195,-0.719,0.13,-0.065,0.348,-0.061,0.555,-0.594,0.806
-4.58,4.116,-0.753,-0.849,0.516,0.498,0.117,0.181,-1.256,-0.119
-2.973,3.557,-0.396,-0.719,-0.669,0.923,0.293,1.009,0.14,-1.098
-4.756,1.197,1.431,1.54,0.262,-0.277,-0.741,0.075,-0.26,0.876
-2.385,1.01,-0.754,0.37,0.785,0.471,0.415,0.318,-0.797,-0.679
-2.75,1.475,-0.848,0.364,-0.275,0.02,-0.003,-0.782,-0.291,0.167
-3.894,0.117,-0.407,1.973,0.043,1.891,0.411,-0.095,-0.436,-1.015
-3.699,-0.251,0.268,1.585,0.85,1.381,-0.867,-0.71,-0.19,0.567
-3.765,1.97,-0.955,0.304,-0.735,0.41,0.38,0.146,-0.536,0.738
-2.671,3.155,-0.514,0.133,-0.964,0.234,-0.071,1.192,0.254,-0.471
-3.406,2.403,1.025,0.108,-1.1,-0.316,0.099,1.541,-0.304,-0.671
-4.089,3.712,0.315,-0.05,-0.929,0.018,-0.35,1.77,0.244,-0.301
-2.314,1.494,0.294,0.245,-0.769,0.05,-0.068,0.819,0.618,-0.572
-2.54,2.144,-1.024,0.933,-1.567,1.024,0.188,-0.047,0.309,-0.633
-3.048,2.817,-0.703,-0.396,-0.639,0.92,0.674,0.686,-0.611,-0.053
-2.937,2.183,-1.291,0.355,-0.372,0.57,0.045,0.452,-0.705,-0.263
-3.999,2.138,0.295,1.086,0.699,-0.127,-0.634,-0.4,-0.505,0.856
-3.379,0.95,-0.06,1.47,0.538,0.051,-0.681,-0.098,-0.405,0.912
-2.601,2.735,-0.322,-0.255,-1.67,0.229,0.202,1.01,-0.871,-0.461
-4.118,2.542,-0.2,1.616,1.106,-0.06,-0.728,-0.544,-0.912,-0.101
-3.285,1.547,-0.897,0.917,0.127,0.402,-0.011,0.502,-0.557
-4.982,1.538,0.96,1.253,-0.64,0.588,-0.484,-0.31,-0.246,1.18
-1.804,0.431,-1.0,-0.427,-0.094,0.848,0.084,0.636,-0.275,-0.214
-3.291,2.324,-0.679,0.285,0.441,0.557,-0.227,0.115,-1.046,0.697
-4.145,2.739,-0.115,0.907,0.669,0.478,-1.183,-0.24,-0.887,-0.365
-5.04,5.074,-1.721,-0.264,0.279,0.176,0.003,-0.609,-0.177,0.422
-3.915,2.158,0.781,0.643,-1.023,0.598,-0.718,0.274,0.376,0.77
-2.55,2.391,-1.137,0.09,-0.948,0.217,0.051,0.723,-0.558,-0.204
-2.952,0.777,-0.74,1.311,0.424,0.853,-0.319,-0.082,-1.456,0.616
-2.676,1.411,-0.098,1.047,-0.04,-0.131,-0.56,-0.03,-0.192,0.705
-2.008,0.785,-1.489,0.654,-0.685,0.313,-0.085,0.856,-0.516,-0.053
-4.047,3.899,-0.423,0.147,-1.273,0.203,0.317,0.531,0.584,-0.11
-4.316,1.147,0.088,0.593,-0.314,1.316,-0.255,0.761,0.492,0.133
-4.947,4.637,-0.444,-0.953,-0.119,-0.249,0.594,0.27,-0.783,0.265
-3.989,3.049,0.304,0.209,-1.26,-0.205,-0.735,0.862,0.551,1.114
-2.351,1.53,0.086,-0.075,-0.426,0.125,-0.197,0.033,0.848,-0.038
-2.162,1.533,-0.267,-0.287,-0.026,0.122,0.168,-0.024,-0.268,-0.27
-1.393,-0.305,-2.29,1.1,-0.254,2.327,0.363,0.795,-1.521,-0.756
-2.976,1.033,-0.222,-0.099,0.081,0.052,0.479,0.517,-1.105
-5.158,2.488,1.064,-0.343,0.352,0.18,-0.05,0.817,-1.308,-0.249
-3.828,3.188,-0.388,0.055,-0.185,-0.029,0.503,0.273,0.326,0.1
-2.883,3.576,-1.198,-0.562,-0.162,0.974,0.764,-0.03,-1.023,0.346
-3.706,3.627,-0.889,-0.789,-0.093,1.223,0.814,0.563,0.062,-0.449
-2.608,0.839,0.203,0.305,-0.851,0.78,-0.143,0.607,0.344
-3.846,1.426,-0.607,1.434,-0.072,1.13,-0.535,1.159,-0.123,-0.385
-2.656,1.263,-0.527,0.464,-0.612,0.668,-0.16,0.857,-0.416,-0.596
-2.685,1.971,-0.857,0.033,-0.638,0.484,0.143,0.159,-0.218,-0.343
-4.169,1.799,-0.621,0.025,0.706,0.362,-0.343,-0.049,-0.339
-3.823,3.536,-2.07,0.245,-0.442,1.125,0.73,0.538,-0.006,-0.64
-3.446,2.44,-0.37,0.926,0.194,0.141,-0.098,-0.557,-0.889
-4.694,3.229,-1.153,0.702,0.452,0.298,0.454,0.001,-0.264,-1.399
-4.052,2.335,-0.415,0.732,0.234,0.426,-0.49,-0.218,-0.618,0.34
-2.875,0.868,-0.728,1.439,0.355,0.846,-0.378,-0.233,-1.072,0.505
-3.038,2.475,0.024,0.508,-0.737,-0.102,-0.358,0.706,0.6,-0.209
-3.618,0.916,-0.4,1.771,0.666,1.535,-0.389,-0.342,-1.279,-0.109
-3.162,-1.137,0.3,1.44,0.688,1.645,-0.447,-0.518,-0.52,0.641
-3.366,-0.826,-0.405,1.643,0.603,1.226,0.524,0.293,-0.858,-0.668
-2.918,2.897,-1.069,-0.077,-0.261,0.55,0.317,-0.322,-0.776,0.79
-3.941,2.305,0.124,1.771,-1.815,0.593,-0.435,0.992,0.575,-0.301
-4.756,0.965,0.959,2.287,-0.527,0.454,-0.41,-0.362,-0.862,1.088
-3.059,2.895,-0.847,-0.364,-0.484,1.025,0.502,0.506,-0.733,0.078
-2.483,0.81,0.185,0.284,-0.917,0.73,-0.111,0.613,0.373
-1.925,1.517,-0.999,0.634,-1.27,0.207,0.385,0.004,-0.141,-0.624
-4.243,3.354,-0.415,0.898,-1.027,-0.281,0.576,0.48,0.564,-0.085
-2.923,0.919,-0.231,-0.307,0.075,0.265,0.403,0.691,-1.012
-3.246,2.796,-0.867,-0.205,-0.316,0.808,0.824,0.062,-0.118,-0.749
-3.743,3.629,-0.874,-0.79,-0.312,1.759,0.679,0.565,-0.521,-0.485
-3.356,3.236,-0.653,-0.9,-0.661,1.43,0.901,0.395,-0.139,-0.726
-3.266,0.577,-0.261,1.481,0.874,0.301,-0.496,-0.012,-0.623,0.879
-1.89,0.207,-1.161,0.027,-0.047,1.581,0.277,1.129,0.366,-0.25
-4.107,2.17,0.206,-0.811,0.334,0.633,0.402,1.097,-1.327,-0.04
-5.011,4.976,-0.868,-1.215,0.17,-0.018,0.543,0.154,-0.841,0.707
-3.468,1.81,-0.39,1.55,-0.084,-0.008,-0.482,-0.231,-0.724,0.967
-4.471,4.096,-0.809,-0.881,0.646,0.539,0.04,0.142,-1.555,-0.023
-2.887,2.131,-0.83,0.682,-1.557,0.818,0.448,-0.382,0.207,-0.402
-4.151,2.069,-0.605,0.111,0.41,0.354,-0.284,-0.381,-0.507
-3.155,0.613,-0.285,1.287,0.882,0.337,-0.624,0.067,-0.516,0.891
-4.323,2.853,0.385,0.209,-1.096,0.431,0.119,0.268,0.131,0.654
-2.852,1.914,-0.755,0.825,-1.588,0.855,0.217,-0.246,0.238,-0.365
-3.533,2.319,1.085,0.247,-1.053,-0.429,-0.026,1.305,-0.243,-0.671
-2.889,1.418,0.409,0.61,-1.018,0.992,0.005,0.518,-0.027,-0.326
-1.611,0.831,-0.056,-0.048,-0.044,-0.423,0.289,-0.092,-0.633,0.221
-3.086,1.01,-0.627,1.508,0.338,0.747,-0.479,-0.323,-1.087,0.645
-1.614,0.287,-1.195,-0.252,-0.257,1.251,0.281,0.898,0.188,-0.423
-1.914,1.473,-1.342,-0.013,-0.213,0.253,0.005,0.229,-0.009,-0.445
-3.407,1.821,-0.675,0.765,0.256,0.469,-0.09,0.322,-0.387
-1.123,0.415,-1.954,0.563,-0.465,1.983,0.027,1.614,-0.568,0.007
-3.44,3.203,-0.698,-0.86,-0.542,1.503,0.922,0.467,-0.183,-0.919
-0.961,0.514,-1.951,0.364,-0.68,1.895,0.047,1.539,-0.63,0.094
-2.938,2.782,-1.111,-0.076,0.0,0.582,0.252,-0.4,-0.773,0.838
-2.986,2.072,-0.311,-0.083,-0.878,0.449,0.916,0.082,-0.905,-0.109
-4.188,2.637,0.502,0.552,0.735,0.395,-0.026,0.803,-0.874,-0.913
-4.316,1.272,-0.087,1.285,0.126,-0.128,-0.286,-0.463,-0.294,0.691
-3.318,3.395,-1.706,0.753,-0.214,1.431,-0.0,-0.192,-1.33,0.03
-3.857,2.133,-0.58,0.996,0.502,0.65,-0.283,-0.468,-0.983,0.613
-2.859,1.627,-1.14,0.769,-0.948,1.39,-0.608,0.956,-0.204
-5.02,2.551,0.562,-0.136,0.531,-0.064,0.373,0.631,-1.407,-0.267
-3.661,0.3,0.53,1.816,0.333,0.444,-0.858,-0.732,-0.809,0.995
-2.346,1.604,-0.283,0.393,-0.416,0.268,-0.463,0.387,0.253,-0.504
-3.339,1.004,-0.747,1.505,-0.068,1.007,-0.017,0.377,-0.775,-0.899
-3.96,3.373,-1.235,0.152,0.031,0.664,0.558,0.841,-0.133,-0.317
-3.485,-0.86,0.582,1.501,0.578,1.48,-0.663,-0.602,-0.318,0.575
-4.067,3.908,-0.065,-0.378,-1.163,0.065,0.508,1.003,0.03,-0.187
-4.754,1.329,1.09,1.765,0.217,-0.198,-0.782,-0.154,0.023,0.85
-3.902,3.586,0.334,-0.669,-1.087,0.255,0.461,0.812,-0.185,0.535
-2.724,2.067,-1.142,0.923,-1.157,1.17,-0.276,0.172,-0.008,-0.649
-3.482,2.524,-0.433,1.048,-1.995,0.902,0.322,0.45,0.377,-0.366
-3.005,1.472,-0.716,0.535,-0.392,0.054,-0.054,-0.686,-0.29,0.153
-2.554,1.532,0.812,0.367,-1.208,-0.352,-0.252,0.894,0.05,0.084
-3.896,2.768,-0.816,-0.014,-0.125,0.168,0.307,1.203,0.246,-0.118
-3.99,2.008,0.503,0.845,0.774,-0.114,-0.641,-0.282,-0.734,0.877
-3.097,1.385,-0.173,1.392,-0.613,-0.143,-0.014,-0.565,-0.065,1.129
-2.289,1.106,-0.816,0.228,0.867,0.616,0.338,0.298,-0.843,-0.832
-2.488,2.822,-0.239,-0.33,-1.355,0.284,0.101,0.934,-0.966,-0.31
-4.115,1.856,-0.738,0.132,0.658,0.329,-0.252,-0.123,-0.53
-3.183,0.154,-0.413,0.923,1.091,0.582,-0.447,-0.085,-0.904,0.693
-3.047,1.267,-0.799,0.507,0.524,0.507,0.044,0.302,-0.731,-0.431
-2.871,3.13,-1.3,0.008,-0.288,0.483,0.258,-0.342,-0.614,0.83
-2.299,1.848,-1.695,1.065,-0.861,1.047,-0.607,0.313,-0.253,-0.759
-3.082,1.633,-0.118,-0.147,-0.484,1.176,-0.086,-0.072,0.086
-3.693,-0.568,0.727,1.236,0.612,1.502,-0.804,-0.763,-0.346,0.788
-3.327,0.496,-0.694,1.365,-0.265,1.933,-0.363,0.51,-0.621,-0.488
-1.976,0.389,-0.947,-0.25,-0.065,0.949,0.127,0.478,-0.323,-0.345
-2.702,3.596,-0.57,-1.041,-0.709,1.009,0.403,0.426,-1.013,-0.009
-4.238,2.437,0.036,1.158,-2.127,0.554,0.12,0.823,0.565,-0.293
-3.459,2.086,-0.595,0.937,-1.841,0.6,0.457,0.4,0.473,-0.211
-2.452,0.279,-0.805,1.141,0.239,0.176,-0.104,-0.752,-0.334,0.731
-1.215,-0.288,-2.423,0.834,-0.379,2.266,0.503,1.337,-1.36,-0.682
-2.634,2.076,-1.32,0.833,-0.547,0.287,-0.173,-0.203,-0.001,0.802
-2.677,0.486,-0.061,0.517,0.222,1.102,-0.425,-0.096,-0.373,-0.484
-4.689,1.015,1.312,1.802,0.313,-0.405,-0.663,0.106,-0.325,0.838
-2.904,0.458,-0.656,0.832,0.61,0.805,0.568,0.041,-0.114,-0.615
-4.497,4.5,-1.446,-1.127,0.443,0.986,0.136,0.597,-1.087,-0.073
-4.469,4.348,-1.74,-0.886,0.447,0.883,0.374,0.577,-0.908,-0.089
-1.793,0.925,-0.739,-0.396,-0.211,0.329,-0.403,0.604,0.197,-0.251
-4.125,2.3,-0.167,-0.27,0.103,0.32,-0.467,-0.254,-0.415
-4.394,1.162,0.157,0.608,-0.409,1.352,-0.243,0.758,0.447,0.096
-2.7,2.83,-0.389,0.032,-0.958,0.44,-0.168,0.519,0.169,-0.525
-2.594,0.621,-0.292,0.521,0.26,1.204,-0.337,0.261,-0.332,-0.51
-2.612,1.403,-0.87,0.47,-0.448,0.172,-0.06,-0.656,-0.334,0.087
-3.325,2.141,-0.528,0.439,0.099,0.321,0.217,0.135,-1.388
-3.816,3.426,0.224,-0.384,-1.733,0.434,-0.322,1.333,0.653,0.577
-3.741,2.7,-1.593,0.782,-0.298,1.378,0.184,1.458,-0.134,-1.297
-4.057,1.925,0.521,1.331,0.273,-0.167,-0.365,-0.665,-0.512,0.716
-3.673,1.811,-1.405,1.621,0.044,1.572,-0.453,0.745,-0.066,-0.733
-4.683,0.773,0.888,2.302,-0.562,0.395,-0.401,-0.289,-0.839,1.165
-2.596,1.867,-0.208,0.208,-0.574,0.146,-0.214,0.116,0.395,-0.541
-4.228,3.111,-0.38,1.16,-1.188,-0.362,0.516,0.507,0.669,-0.074
-3.966,2.003,0.391,1.034,0.659,-0.191,-0.448,-0.397,-0.769,0.969
-2.493,1.382,-0.929,0.465,-0.369,0.002,0.187,-0.696,-0.31,0.348
-4.373,4.643,-0.792,-1.332,-0.202,0.597,0.192,1.133,-1.131,-0.28
-4.136,3.582,-0.407,-0.038,-0.687,1.031,0.491,0.157,0.305,0.028
-1.512,1.492,-1.053,1.262,-0.809,0.941,-0.122,0.807,-0.206,0.145
-2.852,-0.805,-0.313,1.565,0.688,1.467,-0.664,-0.916,-0.279,0.489
-4.426,1.167,0.008,1.315,0.189,-0.297,-0.124,-0.244,-0.423,0.684
-4.102,0.209,0.414,0.423,0.985,1.434,0.663,0.036,-0.784,-0.668
-4.058,1.072,0.157,1.136,0.385,-0.687,-0.583,-0.185,-0.3,1.177
-3.951,2.25,0.127,1.772,-1.906,0.567,-0.432,1.045,0.598,-0.293
-2.46,-0.325,-1.404,0.928,0.122,2.049,0.274,0.532,-1.113,-0.769
-2.733,1.088,0.761,1.694,-0.833,0.292,-1.069,0.266,0.369,1.034
-4.687,1.152,1.089,1.915,0.201,-0.296,-0.692,-0.105,-0.143,0.884
-2.665,0.772,-1.009,1.307,0.287,0.855,-0.466,-0.19,-0.721,0.407
-2.733,2.026,-0.71,0.377,-0.774,0.284,-0.469,0.693,0.205,-0.74
-4.247,-0.034,0.248,1.372,1.831,1.167,0.087,-0.518,-0.316,0.347
-2.818,3.685,-1.413,-0.558,0.025,0.871,0.688,-0.144,-0.93,0.282
-2.207,1.09,-0.627,0.024,0.912,0.662,0.241,0.348,-0.702,-0.912
-3.339,3.011,-1.264,-0.343,-0.119,0.498,0.589,0.078,0.221,-0.822
-2.765,2.817,-2.02,0.213,-0.772,0.852,0.252,-0.193,-0.202,-0.093
-3.604,0.235,-0.836,1.786,-0.153,1.642,-0.096,0.488,-0.524,-1.003
-3.947,2.102,0.305,0.462,-0.765,1.037,-0.618,0.741,0.345,0.269
-1.53,0.029,-0.925,0.054,-0.565,1.593,0.123,1.117,0.338,0.026
-3.074,3.062,-1.47,-0.379,0.233,0.789,-0.099,-0.135,-0.395,0.572
-3.029,1.747,-0.899,0.674,-1.046,0.558,0.204,-0.155,-0.237,0.655
-1.45,0.199,-1.127,-0.281,-0.372,1.287,0.369,0.855,0.303,-0.385
-2.538,2.351,-1.029,0.146,-0.922,0.201,-0.058,0.835,-0.712,-0.074
-3.371,2.007,-0.919,0.843,0.221,0.541,-0.317,-0.37,-0.5,0.652
-1.953,-0.596,-1.543,0.619,0.056,1.742,0.592,1.289,-0.163,-0.523
-2.081,1.05,-1.778,0.411,-0.518,1.46,-0.576,0.735,-0.866,-0.172
-2.499,0.119,-0.82,0.346,0.347,1.696,0.245,0.689,-0.084,-0.596
-3.396,3.867,-1.029,-0.603,-0.573,0.78,1.209,0.228,-0.673,-0.562
-2.762,1.51,-0.145,1.157,-0.256,0.041,-0.647,-0.324,-0.128,0.806
-3.946,2.545,0.447,-0.001,0.043,0.788,-0.102,0.68,-0.637,-0.545
-4.158,-0.342,0.9,1.09,0.56,0.955,0.395,-0.328,-1.52,-0.498
-1.926,2.172,-0.571,0.257,-0.159,-0.493,0.27,-0.153,-0.673,-0.005
-3.347,-0.159,-0.414,0.922,0.973,0.978,0.929,-1.211,-1.268,0.278
-3.624,0.305,-0.708,1.758,-0.194,1.675,-0.273,0.561,-0.577,-0.843
-1.475,1.557,-1.009,1.202,-0.846,0.883,-0.138,0.822,-0.165,0.198
-2.303,1.954,-1.493,0.305,0.047,0.056,0.026,0.902,-0.522,-0.645
-3.194,1.589,-0.774,0.814,-1.087,0.618,0.218,-0.45,-0.003,0.526
-2.946,1.649,-1.167,0.788,-0.909,1.3,-0.562,0.902,-0.07
-2.512,2.826,-0.171,-0.385,-1.495,0.381,0.067,0.899,-0.902,-0.412
-3.297,2.88,-0.859,-0.301,-1.02,0.798,0.288,0.855,-0.528,-0.662
-1.985,2.161,-0.601,0.424,-0.295,-0.489,0.208,-0.216,-0.562,0.079
-2.561,2.191,-0.955,0.214,-0.841,0.386,-0.083,0.74,-0.612,-0.196
-3.961,4.144,-0.934,-0.089,-0.612,0.787,0.326,0.182,-0.487,-0.719
-3.075,1.824,-0.905,0.727,0.155,0.608,-0.075,-0.377,-0.74,0.852
-2.698,-1.027,-0.94,1.796,0.392,1.33,0.866,0.781,-0.838,-0.663
-3.844,1.056,-0.19,1.685,0.617,1.245,-0.811,-0.506,-1.128,0.076
-3.012,1.628,-0.834,0.975,-0.299,0.926,0.174,0.836,-0.239
-3.137,0.077,-1.157,1.589,0.204,1.898,0.17,0.676,-1.033,-0.635
-2.507,1.528,0.852,0.331,-1.231,-0.259,-0.265,0.856,0.07,0.069
-2.489,1.773,-0.18,-0.152,-0.353,0.133,-0.186,0.207,0.788,-0.285
-2.942,2.091,-0.353,-0.364,-0.61,0.401,0.864,0.191,-0.764,-0.235
-2.569,-0.11,-0.841,0.732,1.112,0.961,-0.075,0.148,-0.893,0.314
-3.046,0.387,-1.165,0.94,-0.386,1.978,-0.186,0.811,-0.394,-0.198
-3.869,1.86,-1.646,1.612,0.044,1.531,-0.493,0.862,-0.106,-1.001
-3.246,0.712,0.39,0.82,-1.352,1.074,0.197,0.857,-0.056,0.485
-3.777,2.064,-0.983,0.846,-0.373,0.96,-0.04,1.331,0.247,-1.09
-3.394,0.557,-0.573,1.704,0.608,1.644,0.109,0.2,-1.507,-0.225
-2.131,1.487,-0.302,-0.272,0.012,0.067,0.149,0.022,-0.133,-0.322
-4.468,4.121,-0.42,-1.197,0.338,0.6,-0.11,0.314,-1.248,-0.012
-1.507,-0.457,-1.728,0.256,-0.081,1.571,0.556,1.291,0.121,-0.456
-3.303,0.702,-0.209,1.627,0.818,0.287,-0.541,-0.198,-0.717,0.768
-1.952,1.469,-1.375,0.105,-0.154,0.17,-0.047,0.336,-0.098,-0.41
-2.966,0.659,-1.057,1.36,0.152,1.435,0.197,0.926,-0.45,-0.637
-3.461,0.04,0.553,1.854,0.386,0.568,-1.003,-0.638,-1.04,1.051
-2.521,2.271,-0.277,0.27,-0.909,0.274,0.348,-0.028,-1.177,0.432
-2.101,1.502,-0.322,-0.363,0.026,0.116,0.162,-0.074,-0.106,-0.397
-2.795,1.957,-1.259,0.79,-0.274,0.078,-0.114,0.005,-0.309,1.142
-1.22,0.831,-1.674,0.94,-0.425,1.463,-0.063,1.135,-0.422,0.06
-3.35,2.713,-0.472,0.4,-0.196,0.248,-0.224,0.53,-0.358
-4.048,3.753,-1.15,-0.209,-0.53,0.871,0.445,0.716,-0.131,0.139
-4.216,3.638,0.192,-0.023,-1.231,-0.32,0.128,1.03,0.061,-0.179
-3.977,2.976,0.309,-0.259,0.026,0.816,-0.317,0.492,-0.674,-0.659
-1.425,0.256,-1.13,-0.284,-0.394,1.253,0.306,0.893,0.272,-0.378
-3.173,3.166,-1.501,-0.37,-0.437,0.974,0.179,0.556,-0.794,-0.549
-2.227,1.993,-0.156,1.554,-1.19,0.332,-0.548,1.362,-0.013,0.369
-4.139,3.363,-1.464,0.459,-0.066,1.045,-0.146,0.172,-0.124,-0.864
-2.85,1.446,-0.792,0.482,-0.365,0.046,-0.029,-0.761,-0.251,0.113
-4.047,0.913,0.734,1.479,0.258,0.206,-1.117,-0.423,-0.336,0.982
-2.982,2.001,-0.915,0.188,0.035,0.467,-0.13,-0.689,-0.684,0.664
-2.527,-0.926,-0.571,1.613,0.628,1.229,-0.687,-0.808,-0.354,0.625
-4.744,3.385,-0.886,0.571,0.235,0.183,0.357,0.04,0.203,-1.68
-3.57,3.41,-1.576,0.563,0.002,0.759,0.285,-0.466,-1.409,0.586
-4.028,0.982,-0.648,1.478,-0.048,2.108,-0.146,0.467,-0.654,-0.193
-4.052,3.747,-1.24,-0.299,-0.426,0.917,0.517,0.716,-0.21,-0.125
-2.041,2.119,-0.585,0.549,-0.43,-0.291,-0.002,-0.234,-0.751,0.253
-2.55,2.629,0.084,-0.159,-0.882,0.093,-0.19,0.961,0.032,-0.589
-3.39,3.422,-0.718,-0.667,-0.871,0.788,0.959,0.555,-0.482,-0.724
-3.972,3.24,-0.829,0.069,-0.617,0.977,0.532,0.498,-0.191,-0.91
-3.836,0.508,0.645,1.721,0.28,0.303,-0.911,-0.592,-0.631,1.023
-3.006,1.407,-0.875,0.945,-0.495,0.721,0.212,0.75,-0.037
-2.463,-0.197,-1.264,1.15,0.234,1.833,0.066,0.738,-1.382,-0.498
-3.065,2.372,-1.002,0.496,-1.295,0.86,0.327,-0.404,0.067,-0.155
-3.878,3.816,-0.155,-0.668,-1.207,0.541,0.022,1.972,-0.029,-0.29
-3.749,3.018,-0.755,-0.452,-0.666,0.209,0.741,0.9,-1.613,0.128
