-0.118,1.7
-0.513,1.29
-1.38,0.678
-0.414,-1.28
0.65,1.86
-0.98,-1.49
0.101,0.881
-0.0263,-1.35
0.659,0.913
0.759,0.0328
-0.0782,-1.1
-1.8,0.676
-0.638,-0.752
1.17,0.511
0.651,0.744
0.822,0.501
0.413,0.473
1.95,-1.02
-1.74,0.975
1.69,-0.724
0.225,1.34
-1.7,-0.554
-1.43,0.0281
-0.54,-0.601
-1.42,-1.51
1.72,-0.259
-1.73,-0.242
-0.139,-1.26
-0.425,0.996
0.938,-0.255
-1.82,-0.705
-0.123,1.86
0.317,-0.0233
-0.974,-0.818
1.34,-1.07
-1.69,-0.0461
1.22,0.423
1.39,-0.218
1.05,0.444
0.455,0.877
-0.529,-1.02
0.372,1.6
-0.914,0.317
0.878,-0.856
0.454,1.48
0.36,-0.715
0.977,-1.01
0.801,-0.639
-0.803,1.25
-0.552,-1.18
-0.891,0.593
-1.78,-0.607
-0.352,-0.49
0.875,1.82
-1.04,0.984
1.42,1.49
0.599,1.14
-0.514,-1.07
-0.768,-1.04
1.0,-0.0897
-0.0897,-0.115
0.391,-1.42
1.46,-1.32
-0.355,1.28
0.768,-0.917
-0.0939,1.68
0.371,-1.23
0.171,2.11
-0.305,1.18
1.22,-0.0172
1.84,1.18
-0.83,-1.08
1.64,-0.152
-0.584,1.01
-1.39,-0.474
-1.02,-1.29
0.275,1.18
-0.37,1.48
0.00921,-0.00839
0.0821,-0.398
-0.959,1.08
-1.31,-0.498
-1.68,0.398
-0.264,-0.768
1.8,0.757
0.322,-1.04
-0.214,-1.27
-0.377,-0.617
0.0604,1.64
-0.753,1.1
1.01,-0.437
0.388,0.863
-0.44,-1.3
1.08,-0.133
-1.75,0.722
1.11,-0.106
-1.21,-0.854
-0.113,0.626
0.404,0.00999
0.299,-0.819
0.595,0.429
-0.337,1.85
-0.259,0.996
-0.434,2.24
1.15,0.824
0.913,-0.318
-0.75,-0.881
-0.436,0.821
1.45,0.398
1.14,0.376
-1.78,-0.843
0.553,-0.172
-0.304,1.5
-0.117,1.47
0.578,-0.622
-2.11,0.193
1.16,0.703
1.95,1.09
-1.73,-1.3
-0.886,-1.27
1.24,0.908
0.608,-1.18
-1.12,-1.17
0.168,0.345
-0.124,-1.27
0.563,0.661
1.31,0.208
0.395,0.0856
0.175,-0.345
-1.17,0.564
-0.724,-0.973
-0.336,0.182
-1.18,-0.122
0.134,-0.922
0.385,-0.744
-1.1,-1.17
0.0291,-1.12
-0.509,-0.824
-1.64,0.572
0.418,-0.897
0.934,0.358
0.347,-0.242
-1.39,-0.282
1.47,-0.0839
-1.02,-1.19
-0.72,0.189
-0.56,-1.41
0.0578,-1.32
0.0175,1.47
-0.706,-0.697
0.922,0.93
-0.0697,1.56
0.464,-0.792
-1.22,-0.107
0.332,-0.527
0.483,-1.23
-1.38,-1.08
0.762,0.344
1.01,-0.743
-1.43,1.26
1.0,1.69
0.95,-0.0297
-0.24,1.72
0.313,-1.07
-1.02,-0.296
0.214,-0.45
-1.07,0.00513
-1.3,-1.17
-0.606,3.19
1.18,0.585
0.321,0.393
1.38,-0.244
-0.878,-1.16
-1.55,0.378
1.05,0.453
0.518,1.41
-0.138,-1.03
0.706,1.38
-1.51,-0.626
-1.73,0.87
1.35,1.33
-1.65,-0.723
0.602,1.06
0.418,-1.12
0.354,1.06
0.83,0.692
0.975,0.809
0.799,0.995
-0.0227,0.163
-1.33,-0.0457
-0.116,-1.23
-0.0107,-0.96
-0.395,-0.756
-0.539,-1.21
-0.452,0.524
-0.021,-1.09
1.13,-1.27
-0.0545,-1.45
-0.628,0.601
0.176,-1.11
1.32,0.376
-1.32,0.995
-0.631,-0.914
-0.815,1.18
0.0935,2.1
-0.543,-0.0204
0.294,-1.5
0.234,-0.822
1.19,-1.34
0.529,0.133
0.614,-0.157
1.77,0.013
1.01,1.57
0.544,1.63
-0.309,1.16
-1.28,-1.07
-0.852,-0.59
0.0428,-1.04
1.55,1.1
1.01,0.48
0.35,1.22
0.144,1.56
0.269,0.605
-0.138,0.425
1.22,0.217
-0.763,-0.573
0.123,-1.62
0.215,-1.66
-0.381,-0.917
-0.18,0.595
0.299,1.49
2.35,1.21
0.677,1.03
-1.28,-0.542
-0.768,0.209
-1.25,-0.656
-2.18,-1.88
-1.26,0.23
-0.516,0.831
0.00865,-0.918
1.57,-0.0786
-0.52,1.2
1.64,0.513
-0.776,-1.26
1.79,1.5
0.0914,0.493
-0.298,-0.243
-0.267,1.37
-0.593,-1.58
2.51,1.3
1.16,-0.254
0.332,-0.69
0.92,-0.717
1.05,0.776
-1.2,-1.02
1.71,1.17
-1.65,-2.05
-1.42,-1.4
-0.786,-1.33
1.63,-0.43
0.471,1.39
0.874,-1.41
0.0981,0.465
-0.756,-0.943
-1.31,-0.32
-0.0531,-1.26
-0.446,-0.861
-1.39,0.862
-0.948,-0.982
0.407,1.67
1.23,-2.2
1.29,0.677
0.021,-0.905
0.119,-1.28
0.451,-0.00833
-0.769,-1.46
0.305,1.63
0.517,1.46
0.762,-0.334
0.512,-0.49
0.547,1.15
1.54,-0.749
-0.555,0.908
2.41,1.26
0.406,-0.707
0.695,0.651
-1.13,0.164
-1.3,-0.829
0.545,1.28
1.23,2.19
1.42,0.374
0.845,0.00714
0.945,0.309
0.627,0.234
1.66,1.42
-0.051,-0.972
0.458,-0.157
0.146,-0.151
1.04,0.563
-0.787,-0.113
1.27,-0.747
0.449,0.648
0.923,0.246
1.86,-0.36
1.1,-0.695
0.221,0.147
0.287,-1.45
1.14,0.866
0.582,0.232
0.276,0.397
-1.7,0.422
0.902,0.947
1.08,0.839
0.603,-0.108
-1.62,0.102
0.948,1.41
0.459,1.69
0.824,0.45
-0.779,-1.04
-0.804,0.396
0.487,1.33
1.22,0.247
-0.612,-1.42
-0.295,-1.27
1.49,-0.00779
0.237,-1.26
-0.573,-0.789
-1.81,-0.543
0.352,0.333
0.405,-1.2
-0.265,1.28
0.184,1.7
-0.794,1.07
-1.29,-0.264
0.451,-1.23
0.875,-1.47
1.51,-0.355
0.974,0.898
-0.711,0.465
-0.549,1.03
-1.48,-0.682
0.34,-1.03
-0.439,-0.884
0.896,-1.27
1.02,0.0975
-0.575,-1.62
1.34,-0.261
0.087,-1.28
-0.381,-1.08
-1.15,0.587
-0.969,1.02
-0.921,-1.19
-1.48,0.74
-0.506,-1.2
-0.278,-1.32
-1.1,0.811
-1.77,-0.923
-0.077,1.87
-0.983,1.1
0.643,-0.351
0.785,-0.601
-0.945,-1.43
0.666,1.36
0.527,-0.251
-0.494,-1.22
0.56,0.491
1.55,-0.00546
0.198,-1.19
-0.265,1.71
-0.135,-1.12
0.976,-1.39
-0.0172,-1.03
0.751,0.608
-0.142,1.65
-1.55,-0.61
0.811,0.00911
1.52,0.356
0.133,2.04
0.0544,-1.59
-0.394,-0.253
-1.26,-0.296
0.0343,-1.18
-0.762,-1.11
-1.29,-0.754
-1.59,0.176
0.923,0.933
1.47,-0.0578
-0.146,1.83
-0.0264,-0.952
1.63,0.475
-0.26,-1.23
0.154,-0.653
-0.798,-1.21
1.32,0.218
0.115,-0.443
1.2,0.286
-0.707,-1.43
-0.954,-1.19
1.29,-0.499
-1.75,-1.92
-2.07,-0.521
-1.84,-0.366
-1.06,-1.54
0.0949,-1.56
-0.405,-1.25
-1.55,0.695
-0.818,0.654
-0.839,0.111
-0.389,-1.32
-0.84,-1.05
0.866,1.14
1.09,-1.37
-1.51,-0.593
-1.35,-0.688
0.424,0.547
1.18,1.36
2.81,1.3
-0.415,0.256
-0.619,-0.748
-0.232,-0.364
-0.467,-0.945
-0.795,-1.43
-0.0685,0.931
-1.19,1.01
0.152,-0.964
0.123,-1.24
-0.696,-1.2
0.56,1.18
-1.5,-1.22
0.993,0.397
-0.0767,0.000168
0.545,-0.165
-0.616,0.413
0.876,-0.807
0.722,0.368
0.748,1.81
-1.53,0.658
-0.0723,-0.428
-0.68,1.68
1.34,-0.689
2.11,0.942
-1.31,0.175
0.781,0.911
-0.719,0.242
1.2,0.298
-0.129,-1.69
-0.509,-1.41
-0.341,1.55
-1.84,-0.284
-0.483,1.16
-0.932,-1.15
-0.0693,-1.3
0.769,0.855
0.415,-1.0
0.00425,1.61
0.833,-0.593
0.521,0.56
0.763,1.15
-0.866,-0.197
-0.491,-0.429
-0.811,-1.35
1.89,-0.243
1.16,-0.357
1.54,1.24
-0.784,-0.00647
-1.33,0.0398
1.12,0.422
0.973,0.653
-0.33,0.0829
-0.48,-0.913
0.484,-1.3
0.000519,0.282
0.498,-1.02
0.175,0.652
-0.534,1.15
1.01,1.21
0.584,0.679
0.524,-0.231
0.611,0.649
-1.53,0.679
-1.87,-1.0
-0.298,0.158
-0.685,0.989
0.974,-0.951
0.568,0.244
0.532,-0.0431
-1.33,0.719
0.0439,2.03
-0.0743,-1.38
-0.0163,-1.07
0.731,1.74
1.09,0.812
-1.83,0.601
-0.779,0.676
0.258,0.482
0.745,0.366
-1.55,-1.02
1.34,-0.0272
-0.572,1.16
-0.965,-0.978
0.275,-0.202
0.802,0.852
0.328,1.71
0.838,0.603
0.521,0.375
0.874,1.79
0.835,1.24
-0.264,-1.14
0.97,1.15
-1.77,-1.19
-0.325,0.388
-0.286,-0.571
-1.42,0.275
-0.528,0.953
-0.347,-0.556
-2.12,-0.575
-0.723,0.633
-1.01,-0.211
-0.218,2.09
-0.0895,1.65
-1.67,0.809
0.0176,0.0932
0.802,0.431
0.271,0.0595
0.261,0.214
1.09,0.6
0.632,1.74
-0.479,0.91
-1.33,1.08
1.44,-1.52
0.287,-0.517
1.79,-0.459
1.72,-0.471
1.15,-1.52
1.62,-0.0187
1.1,0.604
0.133,2.05
0.737,-0.183
-0.195,1.31
0.796,0.423
0.505,1.45
0.066,-1.23
-0.625,1.38
-0.492,0.124
1.35,-1.23
-0.937,-0.086
0.715,1.3
1.23,-0.615
-0.581,-0.182
0.912,2.1
0.44,1.16
0.933,1.21
0.533,1.76
-1.99,0.549
-0.872,0.663
0.412,-0.124
-1.61,-1.13
1.05,-0.655
2.32,1.3
-0.877,-1.08
0.915,1.15
1.03,0.766
0.939,-0.351
0.524,-0.648
1.79,-0.102
-0.127,-1.33
-0.636,-0.988
-0.899,-1.38
0.278,0.383
-0.672,-0.0414
1.37,-0.643
-1.5,0.282
-0.0529,-0.0168
0.839,-0.0819
-0.827,1.23
-1.42,-0.327
0.0966,-1.06
0.377,1.72
1.18,0.204
-1.04,-0.131
-0.12,-1.22
-1.32,1.1
-1.15,-0.545
-0.366,-1.52
-0.0337,-1.36
0.904,0.195
0.637,1.55
-0.256,-0.115
0.739,2.14
0.171,-0.502
-1.1,0.817
-0.907,0.416
-0.751,-1.37
0.571,-1.53
-0.0192,-1.03
0.336,0.611
-1.64,-1.91
0.334,1.04
1.33,1.63
1.03,-0.805
-1.82,0.904
-0.852,-0.298
1.7,0.157
0.75,1.92
-1.53,0.257
1.45,-1.25
1.91,1.37
1.41,0.607
-0.481,-0.904
-1.63,0.293
0.0941,1.44
-0.316,-1.36
2.23,0.895
-1.27,-0.673
-1.01,1.21
-0.234,-0.656
0.924,0.701
1.57,-0.114
0.785,0.173
0.408,0.0179
1.33,-0.0802
-0.871,-0.825
0.159,0.586
1.19,0.309
-0.155,-1.03
-1.21,-0.785
0.383,-0.987
0.851,1.46
-0.187,-0.267
0.617,-0.0096
0.728,0.752
-0.472,0.267
-1.26,-1.01
0.374,0.966
1.1,0.74
-1.13,1.01
-2.1,-0.604
0.247,-0.96
1.36,-0.425
0.22,-0.867
-0.135,0.0707
-1.55,-0.663
-0.0145,-1.15
0.14,-0.8
0.327,0.17
-2.28,-1.02
-1.77,-0.828
0.866,-0.807
-0.153,1.97
0.325,-0.0325
-0.235,0.352
-0.739,0.578
0.113,0.462
0.799,-0.834
0.287,1.45
1.71,1.39
0.565,1.56
0.541,1.41
-1.94,-1.61
0.0105,-1.26
1.02,-0.728
-0.722,1.19
2.06,1.12
-0.748,-0.034
0.689,-0.187
-0.58,1.34
0.829,-0.305
2.27,0.284
-0.623,-0.737
-1.05,0.966
0.202,-1.37
1.24,0.273
-0.129,-0.061
-0.716,-0.194
-1.62,-1.16
-0.503,1.35
0.308,0.117
-0.433,-1.13
-1.3,-1.08
-0.451,-1.34
0.667,-1.01
-0.901,-1.13
1.29,-0.151
1.04,0.0909
1.0,1.17
-0.999,1.2
-0.772,0.933
-0.968,-0.912
-1.71,-1.29
-1.92,-1.5
-0.0238,0.000407
1.26,-0.553
0.408,1.16
0.818,0.845
-0.89,-1.18
-1.7,0.869
-0.376,1.33
-0.519,-1.0
1.11,0.57
0.88,0.275
-0.57,0.502
-1.66,0.835
1.1,0.458
1.71,-0.945
1.18,1.42
-0.0744,-0.463
0.121,0.219
-0.239,-0.619
0.247,-1.28
-1.23,-0.806
-1.82,-0.847
-0.215,-1.01
0.416,1.86
0.941,1.16
1.97,1.41
-0.174,-0.478
-0.49,-1.45
-1.76,-0.903
-1.26,-0.457
-2.0,-0.0624
1.2,1.54
1.07,1.53
-0.791,-1.44
-1.61,-0.451
-0.285,1.98
-0.387,0.104
-0.384,-0.397
1.7,-0.489
1.27,0.496
1.4,0.855
0.629,-0.617
1.13,1.38
-0.519,-0.799
-0.744,-1.39
-1.41,-0.856
-1.48,0.944
0.535,1.4
-0.639,0.68
-0.946,1.02
1.16,-1.08
-0.783,0.931
0.841,-0.0776
-0.859,0.885
0.313,0.189
0.0968,-0.225
0.0643,-1.28
0.301,-0.928
-0.0508,-1.19
-0.595,1.09
1.39,1.52
1.24,-0.687
0.0479,-1.06
0.502,-0.536
0.905,-0.551
-1.19,-0.529
-0.791,-1.43
2.64,0.966
1.18,0.597
1.24,-1.33
-0.32,0.707
0.897,0.294
-1.02,-0.305
-1.19,0.814
-0.598,-1.38
-0.815,-0.682
0.482,-0.653
1.97,0.041
-0.752,-0.117
-1.11,0.439
0.854,-0.827
0.143,0.337
-0.457,-0.322
-1.62,-1.85
1.33,-1.71
-0.0339,-1.66
2.03,1.1
-1.63,-0.363
0.685,0.546
2.2,-0.665
-0.208,0.332
1.24,0.342
-1.4,-1.54
1.31,-0.566
-0.698,-1.26
-1.59,0.763
-0.347,-1.5
1.37,1.45
-0.717,0.455
-1.8,0.529
0.676,0.925
-1.69,-1.87
-0.813,-0.57
-0.843,-1.14
1.58,0.206
1.0,-0.0347
0.624,0.621
0.677,0.964
-0.489,-1.13
0.489,0.904
0.793,0.836
0.0692,-0.828
1.12,0.293
0.604,1.03
-1.76,-0.632
-0.119,-0.842
-0.298,-1.26
1.22,-1.46
-0.687,-1.29
-0.56,-1.12
0.822,0.192
0.271,-0.0382
1.08,-1.02
-0.21,1.35
-0.279,-0.0928
-1.44,0.0919
-0.328,0.232
0.811,-1.65
0.746,0.441
-1.22,0.0836
1.78,1.35
2.07,1.21
1.07,0.646
1.1,-0.374
1.39,-0.631
-0.249,0.0234
-0.946,-0.197
-0.369,-0.965
0.434,0.295
0.303,-0.94
-0.348,0.119
-0.729,1.5
0.764,0.381
-0.606,-0.129
-1.22,-0.119
0.883,0.598
-0.206,-1.15
-0.599,1.25
-0.826,-1.67
-0.0222,-0.202
-0.175,-0.909
0.896,0.36
1.21,-1.77
-0.576,-0.463
-0.52,1.35
1.02,-0.261
-1.06,1.03
-0.834,-1.19
0.941,-0.789
1.23,0.354
0.0561,-0.479
-0.844,0.371
-0.261,-1.27
-1.14,-1.27
-1.02,0.619
-0.975,0.725
-0.971,-0.906
0.859,-0.952
-0.386,1.5
2.2,1.14
0.37,0.312
-0.83,0.993
-1.57,0.942
0.862,-1.24
-0.103,-0.414
1.27,-0.159
1.93,-0.842
0.552,2.05
0.357,-1.07
-0.256,1.52
-0.872,-0.461
-1.52,0.246
0.724,-0.574
-1.62,-0.896
1.27,0.433
-1.23,-1.3
2.36,1.33
0.195,-0.296
-0.439,0.331
0.726,0.289
-1.73,-1.32
-0.851,0.405
-1.11,0.00172
0.396,1.81
0.379,1.74
-1.55,-1.47
0.883,-1.0
0.948,0.985
0.659,1.28
-0.957,0.848
1.2,0.318
-0.411,0.727
-0.334,1.63
1.47,1.39
-1.32,0.516
-0.984,-0.807
-1.2,-1.19
1.82,1.43
1.05,-0.23
-1.76,-1.17
-0.487,-0.797
-0.683,1.38
0.0909,-1.39
-1.44,-0.43
-0.634,-0.969
-0.0187,-1.55
0.534,1.86
1.29,0.644
-1.46,-0.909
1.38,0.698
0.659,-0.985
0.368,-0.856
-0.138,-0.951
0.594,1.8
0.812,-0.195
0.848,0.402
-1.6,0.632
-0.0583,-1.15
0.0114,-1.46
-1.53,-0.466
-0.21,0.11
-1.12,0.559
-1.14,0.693
0.102,-1.03
0.39,1.27
-0.111,-1.33
0.47,-0.765
-0.156,-1.16
0.624,1.1
0.0325,-1.46
0.514,1.52
-0.889,-0.884
-0.31,-1.27
-0.717,1.23
-0.222,2.47
-0.834,1.41
0.134,-1.18
1.35,1.1
-0.633,0.257
0.716,0.487
0.177,-1.07
-1.85,-0.35
-0.524,-1.09
1.07,-1.38
0.126,-1.08
1.58,-1.29
-0.795,1.17
-1.04,0.679
-0.236,1.44
-0.86,-1.27
0.303,-1.18
-0.19,-1.42
0.826,1.5
0.43,-0.654
0.953,-1.3
-0.0242,-1.28
0.535,0.504
-0.488,-1.31
1.0,0.285
0.916,-0.0255
-0.629,0.809
0.273,-1.45
-1.33,0.897
-0.484,0.615
0.981,0.532
-0.415,0.463
0.377,-0.643
0.44,0.9
2.22,1.18
-0.633,-0.698
0.309,-0.175
-1.7,-0.569
1.38,-1.74
0.132,2.0
0.432,0.749
0.423,-0.334
-0.591,-1.08
-0.421,-0.731
-0.302,-1.22
-0.972,0.473
0.947,-0.888
0.899,0.538
1.47,0.574
0.389,-0.804
0.22,2.08
-1.02,-0.224
0.0543,-0.967
0.171,-0.886
1.4,-1.13
1.04,0.816
0.351,-0.0402
0.0878,-1.08
-1.15,-0.659
-0.807,1.12
2.44,1.37
1.11,-0.0628
2.09,1.1
1.03,0.548
-0.826,0.682
-1.45,-0.0461
0.308,-1.06
-0.0814,2.18
-1.13,-0.0974
-1.34,0.595
1.16,-1.1
0.551,1.48
1.21,0.0512
-0.959,1.07
1.8,-0.811
0.76,-1.16
0.673,1.07
0.0727,-1.46
0.0317,-0.821
-0.783,-1.33
-0.315,-1.3
0.975,1.48
-0.317,1.77
1.26,-2.39
0.844,-0.402
-0.607,-1.6
0.917,0.231
0.84,1.42
1.03,-1.12
0.15,0.442
0.211,-1.28
-1.11,0.655
1.43,-0.816
1.04,-0.24
1.39,-0.498
-1.42,0.592
-0.0853,-1.12
-1.02,0.849
-0.833,-1.23
-0.733,-1.34
-0.0715,1.41
0.595,0.677
0.465,0.842
0.646,-0.932
-1.43,-0.546
-1.07,-1.11
0.386,-0.997
1.12,-1.22
0.431,0.266
0.603,0.145
-0.342,-1.31
0.427,1.77
0.378,0.987
-0.639,1.28
-1.9,-1.1
-1.51,-0.285
-0.956,1.11
1.27,-0.441
-1.74,0.254
0.814,0.817
-0.917,-1.08
-0.22,-1.12
0.226,-1.38
1.18,0.766
-0.173,1.59
-0.318,0.317
-0.000689,2.0
1.12,-0.659
-0.487,-1.13
-0.101,-0.122
-0.587,1.01
0.517,-0.931
1.33,0.335
-0.291,0.561
-0.861,-0.862
-0.753,-0.321
0.535,1.99
-1.08,0.72
-0.724,-1.48
1.45,0.211
-0.171,1.68
1.25,-0.35
0.952,0.427
-0.721,1.19
-0.957,0.039
1.25,0.794
-0.579,-0.748
-0.329,-0.858
0.515,2.21
-0.93,-0.895
0.00295,-0.125
-0.128,-1.14
-0.326,0.168
-1.04,1.27
-1.57,-0.401
-0.167,-0.633
-0.853,0.358
-0.975,-0.182
-1.78,0.819
-0.419,1.4
-0.843,-1.08
-1.01,-1.29
-0.00145,-0.7
-0.542,1.12
-0.238,0.126
-0.322,0.535
1.81,-0.218
1.01,1.53
1.2,-0.948
0.216,1.96
-1.02,-0.0308
0.198,-1.41
0.196,1.08
1.11,-0.476
0.627,-0.0629
-0.175,-0.946
-0.0373,-1.32
-0.153,-1.2
1.15,0.634
-1.49,0.738
0.388,0.484
-0.508,-0.694
0.472,0.0979
0.407,-0.94
-0.784,0.969
0.538,1.38
1.89,1.34
-1.53,0.501
-0.14,-0.694
-0.125,-1.48
1.7,1.21
-1.41,-0.357
0.364,-0.858
1.25,-1.62
-0.64,0.705
0.205,-0.471
1.46,-1.61
0.919,0.798
0.74,1.35
-1.64,-1.16
-1.07,-0.616
0.108,-1.21
-2.04,-0.978
1.35,-0.387
1.23,-0.115
0.395,-1.04
0.885,-0.372
-0.534,-1.4
-0.322,-0.356
-0.78,-1.52
-0.23,-1.02
-1.5,-0.829
1.08,0.925
0.276,-0.218
1.66,-0.402
-1.8,-1.25
1.07,0.573
1.17,-1.39
0.577,0.628
-1.53,-1.17
1.26,-0.328
-0.407,0.602
-1.13,-0.622
0.985,1.16
-1.46,0.657
0.486,0.991
-0.734,0.881
1.29,0.525
-1.02,0.675
0.791,1.69
0.792,0.988
-1.01,-0.0908
-1.29,-1.14
0.16,-0.616
-1.36,-0.848
-0.198,1.67
1.08,0.72
0.675,-1.53
1.72,-0.448
0.52,1.25
0.82,1.83
-2.77,0.0962
1.09,-0.538
-0.0272,1.86
-0.953,1.06
-1.38,-0.826
-1.82,-0.899
-0.651,-0.159
0.986,0.843
-0.00634,-1.0
-0.071,1.63
1.81,-0.0547
0.526,1.36
0.778,-0.694
0.121,1.63
-0.734,-1.09
-0.459,-1.11
-1.46,0.594
-1.24,0.788
-0.604,-1.2
0.552,0.961
-1.78,-1.58
1.71,-0.225
1.05,0.768
-0.93,0.758
-0.443,1.86
-0.497,1.07
-0.208,-0.646
1.39,0.0609
1.57,0.483
0.301,2.01
0.286,1.23
-0.206,-0.474
-1.98,0.345
-0.743,0.685
-1.25,-0.689
0.282,-1.43
-1.4,1.19
-0.337,0.559
1.26,-1.25
-0.568,-0.873
1.36,-0.117
-0.654,-1.02
0.316,-0.601
-0.851,-1.26
0.816,0.306
1.33,-0.0673
1.33,1.51
-0.927,-0.595
0.2,-0.609
-0.869,0.634
-1.6,-1.44
-0.0611,-1.4
0.169,1.86
0.564,-1.13
0.842,-1.41
0.45,-0.104
-1.38,-0.32
1.15,-1.56
0.399,-0.594
1.87,1.13
0.707,0.0524
-0.155,1.29
1.3,0.739
1.3,0.196
0.235,0.772
-1.79,-1.46
0.339,0.881
1.27,-0.519
-0.102,-1.31
0.0128,1.29
1.24,0.79
-0.271,1.59
-0.9,1.49
0.0273,-0.683
-0.84,-1.16
0.139,-0.803
2.69,1.12
1.14,-0.286
0.122,-0.041
-0.0255,-1.3
0.554,1.19
1.03,-0.0835
-1.19,1.23
0.833,-0.0565
-1.63,0.524
1.44,0.0946
-0.702,-0.811
-0.836,-0.507
-0.226,-1.09
-0.562,-1.12
0.445,-1.38
1.02,0.0541
1.71,0.569
-0.136,-1.41
1.57,1.43
1.05,0.472
0.466,0.322
0.748,-0.558
-0.516,-0.92
-1.59,-1.0
1.21,0.642
-0.579,-0.397
-1.5,0.0847
-1.54,0.685
0.233,-0.275
-0.427,-0.485
0.217,-1.21
0.56,-1.02
1.2,-1.65
1.07,0.399
0.33,-1.48
-0.278,-1.09
-0.974,1.05
-0.452,-1.22
-0.297,-0.467
-1.07,1.16
1.74,0.964
0.417,-1.54
-1.03,0.277
-1.69,0.614
-1.31,0.239
-0.621,1.11
0.469,1.91
-0.215,0.549
1.77,0.109
-0.859,1.26
0.342,-0.701
1.3,-0.346
0.479,-0.821
-0.227,-1.19
1.44,0.358
-1.27,0.184
-0.461,-1.07
1.57,-0.0908
0.675,0.667
-0.439,1.37
1.06,-0.0531
0.725,1.39
-0.204,-0.181
0.584,-0.212
-0.835,-1.04
-0.467,-1.51
-0.893,-1.27
-0.704,1.46
0.99,-0.0762
-1.34,-1.05
0.136,-1.49
-1.35,1.32
-1.69,0.706
-0.652,1.14
-1.08,0.89
0.105,0.103
0.975,-1.34
-0.403,-0.488
-1.51,-1.39
-0.673,0.313
-0.59,-1.04
-1.26,-0.912
-0.908,1.26
-0.209,-0.356
-0.276,1.05
-0.4,-1.15
0.194,-1.27
-0.125,0.521
0.41,1.01
-1.82,0.885
-0.777,-1.33
0.0399,-1.28
0.314,1.84
-0.226,-1.45
1.59,-0.378
1.07,-0.985
1.05,-1.11
0.171,1.59
0.983,0.203
0.522,1.36
1.47,-2.05
-0.752,-0.319
0.391,-0.0901
1.06,0.629
0.109,1.65
0.48,-1.1
-1.08,-0.612
-0.634,-1.15
-0.462,-0.187
-1.41,1.14
-0.468,-0.206
-0.481,1.09
-0.792,-0.132
-1.54,0.562
0.589,0.557
-1.42,0.83
0.745,0.681
1.51,1.52
0.762,0.125
1.02,-0.351
0.725,-0.99
-0.674,-0.62
0.926,0.972
-1.55,-0.744
1.38,0.131
1.31,-1.72
-0.651,0.369
-0.942,-1.15
-0.879,0.499
0.827,0.755
0.395,1.21
-2.08,-1.78
-0.316,0.177
-1.94,-1.03
-0.507,1.89
-0.391,1.1
-0.91,-0.607
0.637,1.25
-0.0247,-1.5
-0.302,-0.116
-1.47,0.52
-2.03,0.359
1.59,-0.111
0.431,1.64
0.77,1.4
0.88,-0.241
-0.074,1.97
0.456,0.278
-0.695,1.08
0.641,1.72
0.193,1.72
0.423,1.74
-1.56,0.514
1.15,0.243
1.53,-1.81
-1.57,-0.561
-0.184,-0.751
-1.62,0.593
-1.47,-0.212
-1.42,-0.36
-0.507,1.24
-0.397,0.563
-0.437,-0.984
2.37,1.14
-0.554,-0.38
1.29,0.152
-0.497,-1.29
0.37,-0.0513
-0.596,-1.33
-1.25,0.104
-0.0911,-0.0844
-0.207,-1.37
-1.45,-1.29
1.73,1.68
-0.27,-1.28
0.784,1.39
0.47,1.21
-0.553,-0.687
-0.823,0.729
0.409,0.212
0.778,1.44
-0.954,0.848
0.779,-0.815
1.42,-0.656
0.995,-1.63
0.14,1.25
-0.337,1.66
1.26,0.799
0.932,1.43
0.576,1.7
1.26,-0.912
0.304,1.61
-0.539,0.292
1.28,-0.588
-0.486,-1.53
0.68,0.702
1.93,0.165
-0.609,-0.917
-0.116,1.26
-0.793,0.905
-0.621,1.52
0.272,-1.6
-1.1,0.135
-0.761,-1.44
1.22,1.04
-0.104,-1.15
0.72,-0.316
-0.167,1.07
0.415,1.8
-2.05,-1.93
-0.0367,-0.144
0.842,-0.372
-0.25,-1.23
-0.141,-0.797
0.856,0.669
0.774,-1.22
-0.0819,1.64
-0.233,0.593
1.71,0.0217
1.18,-1.19
-0.253,-0.406
2.71,1.35
-0.0906,2.01
0.617,1.34
-1.41,1.09
0.913,-0.374
-1.33,-0.581
0.0963,-1.38
1.4,0.746
-1.98,-0.88
1.11,0.375
-1.06,0.181
0.648,1.41
-0.314,0.0194
-0.394,1.6
-0.973,0.495
-0.659,-1.27
1.87,-0.239
1.46,-1.06
1.03,-0.382
1.2,-1.56
0.933,-1.24
0.0125,-0.665
0.719,0.0781
0.202,-1.17
2.43,0.869
-0.166,-0.986
-0.563,1.29
-1.13,-1.08
0.13,1.38
-0.741,0.979
-0.149,0.816
0.0311,-0.978
-1.65,-0.0692
-1.59,0.138
-0.404,0.178
-1.4,-0.183
0.3,-1.18
-1.02,0.521
-0.243,-1.24
0.1,-1.48
0.803,0.349
-1.11,-0.351
1.08,0.148
0.722,0.153
0.598,0.484
-0.746,-0.93
-1.87,-0.78
2.17,0.926
-0.93,-0.502
-1.97,-0.271
0.0438,0.536
-0.753,-0.0615
0.375,1.24
-0.381,-0.959
0.812,-0.751
-0.507,0.69
0.0526,1.42
-0.375,1.36
0.378,-0.0609
1.05,-1.05
0.159,1.51
-1.1,0.641
-2.13,-0.347
-1.39,-0.322
-0.714,-1.65
2.04,1.36
1.25,-0.146
-0.0987,0.966
0.999,-1.12
1.16,0.978
-1.15,0.729
0.521,-1.04
-0.496,1.03
-1.29,0.511
-2.09,0.604
0.102,-1.36
0.236,0.443
1.06,0.443
0.0403,-1.51
0.923,1.54
-1.46,-0.179
0.932,0.501
-2.06,0.392
-0.468,0.245
-0.413,1.17
0.468,0.986
-1.44,-0.775
1.33,-0.704
-0.987,-0.814
-0.0776,-1.35
0.405,1.93
0.871,1.29
1.27,0.775
1.28,1.35
0.777,0.312
0.325,-0.153
-0.975,-0.273
-1.14,0.304
-0.607,-0.894
0.383,-0.824
1.75,1.33
0.299,1.52
-0.165,-0.697
-0.27,0.0117
1.05,0.701
-1.19,-1.03
-0.638,1.32
-0.779,-1.2
-0.209,0.345
-0.341,0.169
0.177,-1.37
0.755,0.22
-0.891,1.0
-1.13,0.411
1.33,0.825
0.444,1.99
0.315,-0.182
1.15,0.0436
1.32,-0.311
0.996,0.225
0.295,-0.273
-0.44,1.22
-0.758,-1.21
0.569,-0.858
-1.59,-0.766
1.08,0.088
-0.403,-0.636
-1.77,0.457
1.18,0.424
0.163,-1.08
-0.303,-0.883
-1.31,0.916
-0.211,-0.334
1.52,-0.85
0.284,1.86
0.009,0.928
0.522,1.46
-1.21,-0.934
-0.243,1.76
-1.29,-1.03
-0.0723,-1.08
1.93,1.34
0.893,-0.327
0.162,-0.791
0.0346,1.7
0.71,1.7
1.48,1.78
-1.09,0.437
1.14,-1.57
0.254,2.42
-1.35,-1.19
-0.175,0.0644
1.97,0.99
-0.123,-1.07
0.816,0.762
0.994,0.0734
-1.46,0.0829
-0.299,-1.4
-1.05,0.219
0.961,-1.33
-1.68,-0.528
-0.511,-0.734
-0.715,-0.969
-1.59,-0.98
-1.29,-0.23
0.753,1.84
-0.232,-1.4
-0.38,-1.27
-0.945,-0.639
1.39,0.504
1.28,-0.176
1.01,-1.05
-0.816,0.562
-0.103,-1.71
-1.86,-0.963
-0.43,-0.722
-1.57,-0.772
-1.31,-0.229
-0.512,-0.954
-1.63,-1.32
-1.7,-1.79
0.769,0.772
-0.897,-0.972
-0.223,-0.419
-1.36,0.887
0.523,1.05
-0.558,0.572
1.47,1.21
0.381,1.55
1.3,0.555
-1.25,0.985
0.0381,0.167
0.222,1.47
-1.15,-0.0498
-1.52,-0.368
-0.287,-1.07
-0.282,1.78
-0.00124,-0.938
0.604,-0.709
-0.379,-1.6
1.16,0.776
1.28,-0.236
-1.08,-1.39
-1.19,-0.328
0.103,0.329
0.758,-1.45
0.238,-1.51
1.38,-1.02
2.43,1.39
1.29,-1.19
-1.06,-0.937
-0.964,0.108
-0.599,-0.965
0.802,0.133
1.19,-1.33
-0.122,-0.0671
0.605,1.86
-0.64,-0.238
0.735,0.571
-0.192,0.791
-0.0275,-0.582
0.206,1.19
0.335,1.15
2.51,0.901
1.03,0.0331
0.825,-1.28
1.24,0.828
-0.995,-0.832
-1.87,-1.26
0.373,1.48
-0.978,0.931
1.16,-0.458
-1.12,1.1
0.212,1.81
-0.888,-1.59
1.21,-1.24
0.698,0.784
1.02,0.997
0.153,-0.875
0.826,0.744
-1.03,0.681
-1.38,-1.11
1.67,0.0877
-1.19,-1.0
-0.45,-1.59
-1.3,0.867
-1.3,0.651
-0.566,-1.62
1.65,0.0404
2.46,1.21
0.501,0.0251
0.566,-0.977
-1.34,-0.31
-0.102,-0.306
-0.396,-1.45
0.137,1.94
1.44,-1.7
1.24,0.608
-0.221,0.12
1.09,-0.643
0.417,-1.28
0.0737,0.124
0.23,-1.15
0.314,1.54
0.83,1.67
0.995,0.131
0.341,-1.32
-0.866,0.751
-1.32,-0.088
-0.203,-1.08
-0.152,-1.11
1.7,0.0023
-0.223,-1.28
0.156,0.152
0.0235,-0.18
1.2,0.361
0.917,0.525
0.134,-1.06
-0.39,-0.209
1.16,-1.24
-1.12,0.589
0.487,1.45
1.4,0.43
-0.48,0.0507
1.21,-0.271
-0.582,-0.752
-0.163,-0.759
-0.298,-1.26
-0.978,-1.05
0.365,0.632
-1.39,-1.35
0.163,-1.31
1.14,-0.114
-0.527,0.887
-1.98,-0.655
-0.803,-1.21
-1.45,-0.701
0.401,-1.31
0.899,-0.235
-1.12,0.576
-0.269,1.37
-0.637,0.942
0.952,-1.9
-0.856,-0.664
-1.1,0.145
1.49,0.627
1.25,-0.00263
1.45,-0.507
0.21,-1.26
-0.817,-0.783
0.813,1.06
-0.305,0.247
1.03,-0.191
-1.55,0.386
-0.338,-0.91
-0.477,-1.25
1.55,-0.0305
0.605,1.28
-0.903,-0.0822
0.548,-0.959
-0.391,-0.547
-1.6,-1.32
-2.04,-0.584
-0.551,0.288
-1.39,-0.118
1.36,0.258
0.244,1.42
0.185,0.617
0.422,-0.934
0.35,0.889
-0.0567,-1.41
-0.77,0.637
0.991,0.594
-0.899,0.0621
1.78,-0.508
0.299,1.56
-0.431,-0.346
1.45,-0.26
0.685,1.69
-0.882,-0.726
-1.54,-0.598
-0.00626,-0.959
-0.391,0.181
-0.968,-0.226
0.72,0.989
-0.777,1.22
1.14,-0.209
-0.849,-0.187
0.185,0.261
-0.364,-0.0828
0.233,-1.29
-0.68,-1.07
0.99,1.02
0.0296,1.2
0.188,0.914
0.173,-0.428
-0.0275,-1.42
-0.301,1.69
-0.0753,0.267
-0.0696,-0.896
-0.665,0.357
0.0337,-1.13
0.341,-1.43
-0.367,-1.04
1.08,0.437
-0.239,-1.42
-0.325,-1.32
1.38,-1.36
0.734,-0.212
0.499,-1.17
-1.46,-0.891
0.527,-1.02
0.0585,-0.378
0.504,0.0752
0.32,-0.465
-1.51,-0.196
0.224,1.75
0.308,0.933
-1.01,0.357
0.415,0.986
0.15,-0.256
-1.25,0.479
-1.01,-0.397
1.22,0.561
1.08,0.0163
-0.298,-1.16
-0.327,0.612
0.21,2.18
1.16,1.05
-0.189,-1.24
0.639,1.2
-0.912,1.34
1.29,-1.04
0.0319,1.39
-1.51,-0.966
0.409,-1.15
1.24,-1.33
2.06,-0.482
-0.707,-0.378
-0.562,-0.873
1.68,0.113
0.498,0.567
-1.37,-0.123
-0.463,-1.2
0.0919,-0.154
-0.00621,1.56
-0.813,-0.665
-0.358,-1.02
-2.19,0.0991
1.13,-0.541
-0.693,-0.113
-1.86,-1.78
-0.584,0.0937
0.613,-0.0651
-1.78,-0.253
-0.0199,-1.32
-0.702,-1.2
-0.711,-1.13
-1.19,-0.939
-1.84,-0.846
-0.396,1.21
-1.53,-0.665
0.0558,1.88
-0.712,-1.1
1.1,0.508
0.0554,-0.139
-0.776,0.127
-0.362,-1.7
-0.278,-0.815
-1.3,1.16
1.15,-1.14
-0.813,-1.23
-1.24,1.0
1.15,1.16
1.4,0.541
2.34,1.64
1.19,-0.404
0.388,-0.0851
0.698,-0.655
1.18,-0.335
-1.02,1.53
1.2,-0.754
-0.536,1.05
0.479,1.48
-0.159,-0.12
0.469,-0.321
-0.767,-1.2
0.229,0.613
-1.2,0.659
1.64,0.174
-0.212,-0.155
-0.85,-0.92
-0.42,1.11
-0.982,-1.08
-0.292,1.32
1.31,1.07
1.26,-0.25
1.58,-0.468
-1.24,-0.497
-0.35,-1.49
-0.653,-0.734
-1.94,-0.761
-0.996,-0.984
2.6,0.951
1.36,0.482
2.07,1.02
-1.2,0.4
0.903,-1.17
1.12,0.822
-1.52,0.934
0.636,1.34
-1.11,0.276
-0.912,-0.484
-1.12,-0.297
0.514,1.27
-0.306,2.28
0.612,1.8
0.768,-1.25
-0.709,-0.262
0.234,-0.413
1.51,-1.15
-0.914,-0.522
0.0426,-1.18
-0.418,-1.26
0.0284,1.62
-0.508,-1.7
0.739,0.673
-2.06,-1.23
0.778,0.952
1.45,0.169
2.22,1.31
0.897,1.07
-0.867,0.214
0.0301,-0.894
0.856,-1.11
-2.34,0.246
1.03,1.61
-1.9,-1.46
-0.131,1.76
-0.943,-1.26
0.4,1.68
1.35,1.21
-0.202,1.64
-0.135,-1.1
-1.06,1.49
-0.555,-1.02
-0.527,-1.38
-0.855,-1.05
1.98,1.27
1.49,-0.156
-0.808,-1.5
-0.967,0.592
0.446,-1.07
0.371,-0.589
0.67,0.784
-0.437,-0.789
-1.17,0.222
0.0379,-1.64
1.41,-1.48
0.514,0.715
1.37,0.428
-1.96,0.445
0.903,-0.339
-0.387,0.26
-0.108,-1.3
0.351,-1.42
1.32,-0.616
0.5,0.762
-0.983,1.06
1.12,-0.447
-0.765,-1.13
-1.05,-0.832
-0.0601,2.04
-1.68,1.08
0.303,-1.35
0.686,1.2
1.13,0.405
0.196,1.76
-0.0791,-1.38
0.805,-0.237
0.652,-0.646
1.32,-1.23
-0.827,-0.757
0.152,1.53
1.08,0.378
0.925,0.895
1.04,0.779
0.622,-0.546
-0.0677,1.74
0.867,0.81
0.9,-1.36
-1.87,0.373
1.72,-0.793
-0.334,-1.34
-0.0347,1.3
1.47,-0.312
-0.921,0.894
-1.04,0.621
-1.54,0.643
1.22,-0.106
-0.388,-1.08
-1.51,0.384
-0.533,1.22
0.0745,-0.607
0.176,1.94
-1.43,1.25
-1.55,-1.6
1.68,-0.32
2.0,1.71
1.33,0.406
-1.8,-1.26
-0.234,-0.974
-0.389,-1.2
-2.04,0.131
0.404,-1.1
-1.03,1.01
-1.37,-0.205
1.21,0.306
-0.0397,-1.09
0.408,-0.664
0.56,1.7
1.34,0.878
-1.45,-0.167
0.981,0.0921
0.0744,1.04
-0.804,0.687
-0.717,1.0
-0.398,-1.28
1.49,1.59
-0.269,-1.47
-0.759,0.366
-1.39,-0.451
0.433,0.38
0.298,-0.829
0.615,0.375
1.32,-0.331
-0.391,1.03
1.43,0.57
-0.594,-1.21
1.19,0.594
-0.658,0.554
-1.9,0.856
0.0243,-0.719
0.672,2.03
1.42,-0.208
0.497,2.23
-0.0297,-1.58
-1.67,-0.00451
1.18,1.25
-0.864,-1.56
0.526,1.48
-0.2,1.74
0.844,0.243
0.743,-1.18
0.659,1.07
-1.37,-0.803
-1.31,0.118
1.35,-0.962
-1.17,-0.556
-0.0253,0.0742
2.57,0.989
1.13,1.48
-1.48,-1.23
-1.86,-0.977
-1.36,0.976
2.53,1.5
-0.048,-1.06
-0.53,0.101
0.805,1.21
-0.0662,-0.479
0.675,0.886
-0.56,1.06
-0.109,-1.25
-0.495,1.31
-0.61,0.00888
-0.357,-0.944
0.203,0.617
-0.914,-0.919
-0.645,-0.238
0.324,1.68
1.06,-0.0553
0.904,1.15
-0.336,-0.0523
1.14,0.212
0.478,0.46
0.369,1.69
0.831,1.35
0.097,-0.593
0.413,-1.3
-1.51,-0.276
-0.112,1.85
0.25,0.466
0.289,0.598
-0.347,-1.15
-0.253,-0.809
-1.01,1.07
-0.172,-0.676
-0.956,-0.77
1.8,-1.0
0.834,1.24
1.97,-0.772
-0.567,-1.14
-1.12,0.154
-0.817,-1.11
1.89,0.834
0.803,1.35
1.18,-0.917
-0.855,1.22
0.926,-1.17
0.666,-1.52
0.0205,1.23
-0.448,-0.354
-0.838,0.644
0.201,0.0024
-0.0765,-1.12
1.01,0.677
-1.92,-1.17
1.29,-0.657
2.03,1.32
1.36,0.86
1.46,-0.14
0.435,0.397
-1.51,0.348
1.54,-0.193
0.418,0.616
-0.806,0.575
-0.00264,-1.02
1.03,1.29
0.298,-0.878
-0.753,-1.25
-1.94,0.832
0.757,-0.208
0.576,-0.342
-0.744,0.196
1.14,0.494
-0.183,1.15
-0.595,0.625
0.955,-0.23
-1.31,0.00723
-0.126,-1.67
1.55,0.482
0.224,1.57
1.02,0.976
-0.432,-1.34
-0.891,-0.617
-1.69,-0.175
0.441,-1.13
-0.31,1.45
0.422,2.33
0.379,1.37
0.799,-0.99
1.25,-0.202
0.386,1.92
-0.958,0.812
-1.85,-0.467
0.646,1.82
1.98,-0.0252
-0.29,0.7
-1.3,0.577
0.0116,-1.09
-0.9,0.858
-0.843,1.4
-1.39,-1.09
0.379,1.36
1.8,1.53
-0.617,-0.458
1.57,-0.389
0.484,1.04
-1.95,-0.9
0.61,0.488
0.914,0.26
-0.218,-1.63
1.23,-0.146
0.125,-1.24
-1.06,-0.549
1.21,0.197
1.19,-0.319
0.536,0.921
-0.0143,1.55
0.552,1.04
0.553,-0.817
-0.0388,-0.984
2.22,-2.04
-1.37,0.645
-0.0779,-0.967
-1.07,-0.552
0.576,-1.05
1.6,0.0487
-0.973,-0.126
-0.675,1.18
0.733,0.926
-1.06,-0.881
-0.307,0.938
-1.93,-0.92
-0.0931,1.52
0.387,1.59
0.329,1.11
-1.57,0.378
-1.58,-1.26
-0.132,1.68
-0.0314,-1.01
-1.19,-0.774
-0.501,0.0787
0.249,-1.46
-0.67,1.22
-1.41,-1.02
0.638,1.11
-0.532,-0.179
-0.248,0.514
-0.654,-0.999
1.41,1.63
1.28,0.902
-1.23,-0.703
-1.87,-1.32
2.33,1.21
-0.0341,-1.07
0.961,0.454
-1.72,0.142
-0.588,-1.35
0.0329,1.88
-0.0605,1.65
1.35,0.657
0.105,-0.208
-1.13,0.654
-0.394,1.39
-0.391,1.32
-0.678,-1.32
1.41,0.83
0.934,0.32
0.612,1.37
0.0967,-1.4
0.252,-0.389
0.91,0.665
0.07,1.7
0.746,0.991
-2.56,-0.0784
1.26,0.462
0.0431,-0.0199
0.701,0.0237
0.145,-0.626
1.63,-0.56
0.996,1.46
-0.786,-1.02
-0.529,0.365
1.43,0.147
1.31,1.62
-1.21,-0.409
-0.179,0.19
0.0725,0.596
-1.15,0.406
1.77,1.59
-0.402,-1.11
-0.878,-1.46
-1.18,-0.0978
-0.639,-1.04
-0.124,0.181
-0.59,-1.23
-1.67,0.88
-1.03,-1.09
-1.54,0.516
0.306,-0.161
-0.338,-1.33
0.0817,0.418
0.0809,1.93
-0.689,-1.45
-1.82,-1.78
0.463,-1.28
0.219,1.59
-0.149,-1.2
0.167,-0.793
-1.21,-0.733
0.218,-0.368
0.329,-0.37
-0.177,-1.45
-0.0117,-1.34
0.735,0.932
-0.879,-0.975
0.344,1.49
-0.119,2.06
1.79,-0.834
-0.0261,-1.38
0.275,-0.987
-1.67,0.672
1.37,1.29
0.475,-0.381
0.495,1.54
0.00453,1.47
1.81,-0.551
1.02,0.858
0.74,0.203
-1.82,0.474
-0.957,1.0
-1.43,0.245
-0.137,-1.39
-1.64,-0.121
-1.42,-1.28
-0.0866,-1.37
-0.652,-1.1
-0.494,-0.719
1.12,0.375
-0.462,-0.707
0.0368,-0.239
1.31,0.17
-1.08,0.989
1.88,0.116
-0.012,1.42
-1.04,1.19
-0.193,-0.288
-1.02,0.899
-1.01,-1.53
1.36,-1.06
-0.956,-0.818
-1.87,-0.451
-0.0958,-1.66
0.933,-0.277
-0.508,-0.715
-0.186,-0.0925
1.07,0.512
0.466,0.281
2.68,1.17
-1.33,-0.647
-0.169,-0.135
-0.821,-1.44
-1.12,0.494
-1.19,0.309
0.129,-0.889
0.0436,0.0126
-1.28,-1.12
1.07,0.438
-1.24,-0.72
-0.477,0.676
-0.219,-0.195
0.724,0.706
-1.4,0.247
-0.605,-1.52
-0.881,-1.59
-2.37,-0.01
0.183,-1.21
0.743,-1.01
-0.994,1.14
0.323,-0.796
-0.97,-1.6
0.354,-1.19
-0.11,-1.21
0.149,1.98
-2.13,0.678
-1.52,0.66
0.44,-0.936
0.683,-0.0347
1.63,-2.16
1.22,-1.58
-0.192,1.04
-0.715,-1.49
1.41,0.319
-1.52,-1.4
1.09,1.03
1.31,0.328
-1.23,-0.977
-1.79,-0.954
0.598,0.855
-1.94,0.598
-1.13,-0.443
-0.44,0.298
0.428,-1.43
1.26,-1.03
1.07,0.0877
0.0486,-0.389
-0.961,0.755
-0.0979,-1.01
-0.851,0.189
1.29,0.23
0.625,1.38
0.587,0.0331
-0.872,0.26
0.142,-0.698
-1.64,-1.27
0.956,0.558
-0.96,1.34
0.517,1.71
-1.95,-0.16
0.291,-0.795
-0.687,-0.458
-1.4,0.261
-0.163,-0.398
-0.903,0.101
0.133,-0.227
0.656,0.844
1.12,1.01
-0.198,-0.536
-0.755,-1.09
-1.24,1.14
-1.4,-0.107
-1.41,1.11
0.678,0.961
-0.55,-1.07
-0.172,-1.31
-0.838,-1.17
0.893,0.691
1.23,-0.0874
-1.5,-1.14
-1.89,-0.727
0.00914,0.431
0.826,0.84
1.09,-0.384
-0.36,-1.28
0.73,-0.37
-0.78,-0.43
2.21,1.02
-0.622,0.804
0.93,0.65
-1.43,-1.18
-0.0552,0.882
-2.25,-1.96
2.59,1.16
0.596,-0.172
0.729,1.49
0.101,1.93
-0.918,-0.578
-0.534,-1.23
-1.91,-2.24
-0.488,-0.566
-0.964,-1.17
-1.74,0.697
1.62,-0.919
1.14,0.607
1.15,1.68
-1.56,-0.329
0.996,-1.7
-0.447,-1.0
-1.18,-0.758
-0.648,-0.631
1.26,0.305
0.613,1.35
-1.67,-0.266
1.71,1.1
1.85,-0.558
0.295,-1.36
0.137,1.69
-1.39,-0.156
-1.62,0.468
-0.614,-1.43
-0.638,-1.01
-1.29,0.891
-0.536,-0.814
-1.18,0.422
-1.45,-1.22
1.18,-0.277
1.08,1.36
-1.34,0.626
-0.392,-1.27
1.41,0.258
-0.146,-0.869
-1.82,-0.665
-1.14,0.849
0.301,-1.17
0.73,-0.99
0.105,1.77
1.38,0.749
-1.8,-1.62
-0.239,-1.17
-0.986,-1.27
0.662,1.49
0.82,-0.514
-0.69,-1.33
-1.52,0.388
-1.45,-0.203
0.434,2.19
-0.369,0.692
-0.0677,-0.394
-0.595,-0.651
-1.01,-1.65
-0.66,-0.0708
-0.114,-1.5
-0.614,-1.22
-0.0381,-0.791
1.73,0.979
0.546,-0.195
-0.611,-1.28
-0.455,-1.3
-1.44,-0.47
1.01,-0.205
0.672,1.57
-0.724,-1.26
0.949,0.422
1.25,1.2
-1.52,-0.993
0.524,0.283
-1.0,-0.885
-0.1,-1.05
0.477,0.791
0.908,0.127
-1.9,0.106
-1.53,0.39
0.614,-0.705
-0.379,0.638
-1.41,-0.214
0.333,-0.845
1.18,-0.0335
-1.2,1.43
-1.59,0.322
0.403,0.0297
0.262,-0.538
-0.451,1.72
0.263,-1.48
-1.66,-1.52
0.923,0.166
0.714,-1.19
-1.53,0.795
-1.15,-0.647
-1.33,-0.392
-0.678,-0.417
0.388,1.72
-0.455,0.868
1.22,0.834
-0.153,-1.22
0.592,0.973
0.739,0.139
-1.45,0.377
-1.63,0.728
-2.06,-0.332
-0.806,0.941
0.529,0.788
-0.179,-0.0492
1.14,-0.938
-0.676,1.3
-0.582,-0.587
-0.847,-0.896
0.265,-1.06
-1.08,-0.0594
0.0131,-0.969
0.495,-0.281
-1.83,-0.964
1.02,0.44
-0.598,-1.35
0.273,1.68
-0.532,0.978
-0.613,0.775
0.449,-0.0489
-0.0785,-1.16
0.83,-0.939
-0.674,0.842
-1.04,-1.24
0.143,0.845
1.11,0.431
0.722,-0.975
0.497,1.27
-3.09,-0.832
1.06,0.266
0.507,1.02
-0.862,-0.0613
-0.603,1.3
1.05,0.409
-0.63,0.949
-0.832,-1.33
0.403,-0.997
-0.0237,-1.0
0.175,-0.887
0.96,-0.522
-0.484,-1.2
-0.961,-0.102
0.611,0.978
0.423,0.598
0.0529,1.52
0.0071,-0.924
-1.34,-0.419
-1.76,-1.58
1.09,-1.24
0.411,1.47
-1.17,-0.073
-0.0342,0.145
-1.03,-0.422
-0.973,-0.047
0.981,-0.0572
0.0285,1.72
-1.58,-1.61
-0.162,-1.24
-1.4,-0.37
-0.758,0.794
-0.819,1.26
0.845,0.766
0.66,0.835
-1.04,-1.08
0.265,1.4
-0.145,1.67
-0.441,-1.45
1.53,0.0838
-0.79,-0.823
0.624,-1.31
0.976,1.24
0.353,1.58
1.29,0.622
-0.754,1.1
2.06,-0.893
0.0971,1.58
-1.83,-0.746
-2.6,0.217
-0.821,-0.855
-0.436,1.86
-0.995,-0.937
-2.05,-1.4
-0.372,-1.11
2.36,1.5
2.03,0.984
1.78,1.19
-1.03,0.654
0.157,-0.934
0.409,-1.51
-1.1,0.322
-0.635,1.94
0.96,-0.9
1.15,1.49
-1.06,0.665
0.886,-0.292
0.265,-0.375
0.402,-0.39
0.283,-1.56
0.682,-0.146
1.13,0.429
-1.01,-1.23
-1.07,0.963
-0.803,-1.09
0.168,-1.06
0.571,0.197
1.44,-0.0447
-1.21,1.27
1.62,-1.16
-0.329,-0.955
-0.853,-1.17
0.378,-0.56
0.271,-0.591
1.57,-0.909
-1.71,-0.319
-0.211,-0.637
-1.57,-1.74
1.8,1.32
-0.749,0.0101
-0.801,-0.24
-1.58,0.807
-1.0,-1.22
2.48,1.21
-0.00835,1.76
0.000725,-0.0366
0.477,1.83
-1.37,-0.177
-0.435,-1.08
1.11,-1.1
-1.47,0.96
-0.523,-1.31
-0.244,-1.2
0.918,1.72
0.129,1.52
-1.86,-1.47
1.17,-0.567
-0.449,1.04
-0.0957,-1.06
-1.96,-0.942
-0.197,0.544
0.0219,-0.388
-0.473,-1.55
1.23,-0.00847
-0.11,-0.372
-1.56,-1.05
-1.87,-1.1
0.318,1.82
1.68,-0.472
0.713,1.02
-0.219,0.128
-1.65,-0.731
-0.377,-0.973
0.384,-0.314
-0.595,1.46
-0.779,1.09
-1.07,-0.709
0.935,0.556
0.572,-0.812
-1.34,0.805
-0.467,1.3
0.164,-1.18
-1.29,-0.529
-0.672,1.35
-0.222,0.156
-0.106,-1.14
-1.09,-0.463
0.208,-0.427
-1.32,0.907
1.22,-0.345
0.312,-1.23
1.32,1.36
-0.966,-0.628
0.344,0.908
-1.21,-0.392
-0.295,0.565
0.0662,1.62
-0.0202,-1.26
-0.829,1.06
1.33,-0.774
-0.681,-0.586
-0.8,-0.282
1.06,-0.427
2.2,1.26
0.362,1.59
1.17,0.407
-0.463,-1.01
-0.463,0.0231
0.306,-1.13
-0.626,-1.18
-0.33,0.301
-0.665,1.23
-1.41,0.894
-0.0541,-1.31
-1.57,-1.47
0.251,0.171
-1.07,-0.622
-0.7,-1.25
1.72,0.0291
0.823,1.04
-0.353,-0.836
1.19,0.997
0.178,-1.24
1.1,-0.364
1.3,0.175
0.178,1.49
1.43,-0.366
0.712,0.837
1.43,0.484
0.924,0.861
-0.429,1.13
-0.956,-1.61
1.66,-0.384
0.282,-0.761
-0.673,-0.177
0.0968,0.589
-0.597,-1.6
0.168,1.97
-0.076,-1.12
-0.491,1.22
0.74,0.053
0.22,-1.36
1.25,-1.38
-0.238,-1.49
1.92,0.0429
-1.75,-1.27
0.513,1.5
0.533,0.541
-0.639,-0.938
-0.529,-1.22
0.847,1.4
1.19,0.19
1.02,-0.549
1.18,-0.789
-0.219,0.524
0.897,0.742
0.0236,-1.07
0.0949,-0.854
-0.665,1.61
-1.58,0.588
-1.87,-1.17
0.0179,-1.01
0.849,0.907
0.235,-1.05
-1.29,1.52
1.3,-0.028
0.0584,-0.638
0.271,0.38
-1.52,0.946
-0.213,0.259
-1.09,0.531
-1.13,-1.06
1.35,-0.25
-0.597,0.232
-0.61,-0.306
0.414,0.141
-0.621,1.16
-0.639,0.522
-1.06,0.917
0.768,-0.966
-0.254,-0.932
-0.663,-1.47
0.557,1.38
-0.827,-0.506
-0.731,-0.906
0.0608,-1.23
-0.0017,0.282
0.786,0.859
0.157,-0.652
0.189,1.35
-0.176,-0.207
0.426,0.194
1.08,1.42
-0.259,1.52
-1.81,-0.488
-0.928,1.55
-1.86,-1.57
1.27,-0.573
-0.474,0.264
-0.214,1.76
0.773,-0.747
-0.129,1.57
-0.707,-0.568
1.12,-0.422
0.127,1.22
0.945,0.239
2.03,-0.427
1.04,0.285
1.22,-0.361
-1.79,-0.0728
-0.709,-0.942
-1.08,1.01
0.139,-1.01
-0.436,1.45
0.393,1.64
1.08,0.683
-0.96,0.644
-0.625,-0.675
0.974,0.877
-0.451,0.775
0.725,-0.54
-0.922,0.533
1.5,0.637
0.894,-0.992
1.64,-0.605
-0.679,0.536
-1.4,-0.386
-2.1,-0.859
-0.52,-1.52
0.635,1.67
0.387,-0.000653
0.552,-0.199
-0.343,-1.39
0.155,1.88
-0.514,-1.21
-0.567,-1.7
-0.688,0.709
-0.262,1.71
0.226,-1.02
0.878,-1.38
-0.399,1.3
1.39,0.155
0.957,0.0986
-0.876,-1.0
0.168,1.7
1.2,-0.944
-1.77,-0.455
-0.0443,-0.335
0.268,-1.08
0.0574,-0.134
0.0852,-0.852
0.44,0.399
-1.69,-1.2
1.29,0.0437
0.513,0.741
0.569,1.15
1.14,-0.0829
1.31,-1.81
0.165,-0.405
-1.97,-0.674
-0.801,1.78
-0.566,-0.563
1.7,-0.0336
-0.563,-0.164
-0.0128,-1.27
0.823,-0.248
1.35,0.644
0.538,-1.25
-0.914,0.425
0.121,-1.3
-0.785,-0.361
2.01,-0.695
2.34,1.13
0.486,1.05
-1.0,0.078
1.63,0.0545
0.335,1.39
0.908,-0.506
0.651,-1.08
0.999,0.811
-0.529,-0.357
0.463,0.935
1.35,-0.461
-0.856,-0.235
-0.904,-0.203
-1.04,-1.42
-0.71,-0.874
-1.09,0.289
-1.02,-1.01
1.19,-1.67
-1.84,-0.958
1.18,0.392
1.05,1.07
-1.49,-0.00325
-1.34,0.824
0.707,0.948
-0.411,-1.34
1.16,0.847
-1.18,0.0302
-1.49,0.744
-0.499,-1.31
-0.472,-0.0198
-0.158,-1.08
-1.01,-0.363
-0.82,-1.04
0.682,1.5
-1.18,1.17
-0.718,-1.25
0.85,0.726
-0.901,-1.68
-0.247,0.775
-1.22,0.831
-0.487,-1.19
-1.02,-0.146
2.07,1.37
-0.559,0.0594
0.457,0.191
-1.85,-0.347
0.884,-0.766
0.244,-0.69
-0.838,0.356
-0.683,0.419
0.477,-1.24
-1.2,0.92
-0.308,2.19
0.16,0.189
0.0551,1.34
0.983,-1.31
1.19,0.812
0.126,0.819
1.42,-0.697
-0.876,0.92
-1.69,-1.27
1.17,1.28
0.661,-0.199
-0.705,0.129
0.204,-1.29
0.689,-0.506
2.44,-0.448
-0.528,-1.23
-0.747,-0.509
-1.37,-0.904
0.0386,-1.26
0.143,1.05
0.642,1.65
-1.61,-0.39
-0.337,-1.45
1.2,-0.598
1.2,-0.68
-0.99,0.231
0.966,-0.199
-0.0657,-1.19
0.81,1.93
0.447,-1.18
1.17,-1.4
1.03,0.805
1.44,-1.73
-0.768,-0.0166
-0.006,-0.32
-0.899,-1.25
-0.212,-1.18
0.941,-0.254
1.89,1.1
1.94,1.25
1.54,1.75
-1.25,-0.897
-0.692,0.759
0.889,-0.566
-1.34,0.717
0.637,0.00536
1.1,0.131
-1.14,1.16
-0.311,-1.07
0.0109,-0.378
0.246,-0.767
1.22,-0.0466
-1.51,-0.193
2.34,1.18
0.534,2.15
-0.504,1.03
-0.855,-1.33
0.272,1.82
-0.666,-1.1
-0.491,-1.55
-0.845,-0.377
0.554,-0.454
-0.914,1.07
-0.016,-0.448
0.851,0.598
0.0803,-1.15
-1.18,-0.898
-0.471,-0.919
-0.951,0.533
-1.16,-1.01
-0.341,0.0621
1.56,-0.367
1.19,0.697
0.351,-0.964
-0.299,-1.14
0.331,0.185
-0.0299,0.617
0.427,1.99
-1.32,1.12
1.22,-0.607
1.59,-0.0963
0.879,1.03
-0.834,1.48
-0.903,-0.988
1.13,1.51
-0.918,1.13
-0.141,-0.119
-1.44,-0.358
-0.0683,-0.404
0.64,1.35
1.34,1.44
1.61,0.582
1.53,-1.05
0.386,1.55
-1.1,0.737
0.725,1.33
0.271,-1.28
-0.648,-0.713
0.207,0.0304
1.41,-0.808
-1.54,-0.641
0.409,1.45
0.155,0.0373
1.82,-0.643
0.85,-0.829
0.804,0.6
-1.02,-1.18
-1.6,-0.541
2.51,1.11
2.12,0.978
1.18,0.334
1.11,0.685
-0.0656,1.24
0.784,0.972
0.941,1.46
0.101,-1.39
-0.714,-1.36
0.28,0.429
0.309,-0.689
-1.93,0.525
1.31,-0.254
0.447,0.92
1.04,0.952
0.678,0.335
0.551,0.921
0.316,1.43
-0.17,1.18
-0.502,1.84
0.586,0.402
-0.0203,-1.42
0.0886,-0.844
-0.664,1.18
0.247,-0.9
2.18,1.13
-0.0254,-0.79
1.52,0.409
-0.711,0.96
0.74,1.53
0.435,1.31
1.53,0.228
-0.292,-1.32
1.35,0.229
-0.249,0.505
-0.202,0.712
-0.951,-1.3
0.991,-1.1
-0.0203,1.92
-0.992,1.4
-0.215,-0.217
0.976,-1.53
-0.58,-1.09
0.569,-0.538
1.41,-2.09
0.238,1.74
-0.861,-0.972
-0.0686,1.72
-0.501,-1.43
0.29,-0.515
0.0345,-0.691
0.838,1.5
0.98,0.766
-0.187,-1.38
-0.699,0.755
-0.184,-0.0314
0.553,-0.159
1.21,-0.132
0.75,1.63
1.34,0.274
1.64,1.12
-0.642,-1.35
-0.736,-1.14
-0.967,1.22
0.149,-0.295
0.826,1.42
-1.2,0.932
1.01,0.257
0.42,1.1
0.913,-1.6
1.35,0.472
-0.747,-0.72
-1.77,-0.592
0.876,-0.969
1.28,0.691
-0.72,-1.39
1.85,1.61
0.874,-0.769
1.01,0.397
-0.457,-0.983
-0.558,-1.67
-1.62,0.213
-0.415,1.48
0.99,0.771
-1.55,-0.132
0.685,2.2
0.639,-0.815
0.756,-0.0709
-1.28,-1.17
0.26,1.91
-1.25,-1.28
0.265,-0.182
-1.53,-1.21
-0.35,2.07
-0.291,-0.858
-0.22,-1.38
0.921,0.3
-0.862,1.53
0.00564,-1.14
1.94,-0.65
-0.861,-1.21
0.663,1.7
1.83,0.349
-0.204,-1.54
-0.0773,-1.22
-0.47,-1.12
-1.35,-0.485
1.36,-0.412
-0.744,-0.415
-1.2,-1.04
0.485,0.635
-0.565,-0.0822
1.66,0.672
0.29,0.591
0.544,1.41
2.59,-1.15
1.13,-0.0116
-0.375,-1.39
-0.826,-0.966
-1.49,0.796
1.12,-0.756
1.77,1.35
-1.43,0.707
-0.451,1.7
2.4,1.2
1.35,-0.518
-0.867,1.09
-0.508,1.48
-1.21,1.19
0.458,-0.709
0.785,0.158
-0.385,-0.734
-0.516,-0.935
0.44,0.246
0.213,-0.752
0.42,2.1
-1.55,0.121
-1.14,-0.927
-0.76,-0.698
2.18,1.21
0.381,1.61
-1.24,-0.352
-0.431,1.21
0.191,1.94
0.13,-0.469
-0.0113,-0.78
-0.287,-0.726
1.1,1.58
-0.502,-1.04
0.931,0.783
-0.353,1.98
1.03,0.252
0.375,1.27
-0.347,0.574
-1.06,-1.07
-0.666,-1.34
0.933,0.711
-0.434,1.98
0.839,-1.15
1.45,-1.78
0.174,-1.11
-0.896,0.207
0.561,1.74
1.11,0.0482
-0.451,0.723
1.27,-0.675
1.09,0.155
-0.0874,-0.948
-1.6,-0.0414
-0.779,-1.14
-1.88,-0.454
-0.583,-0.743
-0.413,-0.0275
-0.952,0.000432
-1.4,0.98
1.28,-0.341
0.0991,-1.05
1.23,-0.0997
-0.0198,-1.22
-0.528,0.296
0.837,1.75
1.29,1.07
-0.274,-0.99
0.843,0.634
1.18,0.507
1.5,-0.0608
-0.64,-0.939
1.06,-0.69
2.75,1.47
-1.02,-0.469
0.544,1.22
0.177,0.731
-0.932,-1.02
-0.473,-0.749
-0.643,1.68
-1.52,-1.15
-0.0692,1.73
-1.36,-0.258
0.387,1.71
-2.25,0.167
0.957,-0.786
1.36,-0.732
0.867,-1.19
0.396,-0.606
-1.46,-0.298
-0.254,0.403
1.99,1.18
1.57,0.171
-1.42,0.728
0.969,0.921
1.78,1.01
-1.64,-1.8
-0.511,1.5
0.896,0.363
1.29,0.153
1.39,-0.376
0.269,1.62
0.34,-1.34
-2.0,0.403
0.243,1.61
0.552,0.942
0.395,1.35
-0.656,-0.334
-0.672,-0.601
-0.106,0.552
1.32,0.0928
-0.811,-1.21
-0.138,-1.37
0.707,-0.778
1.71,-0.424
1.26,-1.57
-1.37,0.15
0.163,-1.13
-0.542,0.918
1.35,0.677
-1.03,-0.357
-1.13,0.6
-0.936,1.81
1.27,-0.685
1.05,-0.96
-0.0789,-1.35
0.385,-1.07
0.355,2.08
-1.47,-0.0358
1.18,-0.0513
1.64,1.53
0.753,1.89
0.424,1.64
1.02,0.72
1.27,1.6
0.57,1.42
0.136,-1.36
-1.38,0.0973
-0.828,-0.82
0.143,0.263
-0.629,-0.118
-2.14,-1.43
-0.396,-1.38
0.157,0.956
-1.06,0.817
-0.314,-0.72
0.846,1.87
1.57,1.16
-0.618,-0.506
-0.753,1.18
0.0652,-0.766
0.67,1.15
1.22,0.541
-1.13,0.928
1.17,0.868
-1.28,0.72
-2.1,-1.06
-1.37,0.808
0.472,1.37
-1.18,-0.522
-1.52,-0.00335
1.24,0.809
-1.37,0.648
-1.16,0.41
0.616,1.77
-0.445,-1.24
-0.237,-0.0378
0.277,-0.324
-0.152,-0.669
-1.67,-1.73
0.711,0.787
0.132,-1.49
-0.153,-1.15
1.12,-1.72
-0.232,-0.843
-0.201,1.35
-0.875,0.591
-1.11,0.308
0.745,0.877
-1.93,-0.315
-0.966,0.487
-1.24,-0.0104
-0.103,0.0369
-1.12,0.699
0.273,1.79
-0.501,1.1
1.14,-0.0771
1.31,-0.238
-0.381,1.41
-2.11,-1.45
0.56,-1.05
-1.04,1.04
1.64,0.0477
-0.505,1.17
-1.42,-0.0747
1.31,0.118
-1.94,-0.273
1.96,1.31
1.27,0.0842
-0.748,-0.57
-1.04,0.937
-0.764,0.218
0.598,0.133
-0.311,0.995
-1.44,-0.505
0.971,0.64
0.108,-0.769
-1.34,0.54
-2.19,-1.3
-0.357,1.51
-1.22,-0.0961
-1.63,-1.41
-0.171,-1.09
1.38,1.25
0.707,1.37
0.916,0.144
0.167,0.87
-0.88,0.407
-0.474,-0.911
1.39,-1.11
-0.0633,-0.699
-1.44,-0.0746
-0.632,1.35
0.617,1.11
-0.147,1.85
1.73,1.26
1.5,-0.38
2.37,1.07
0.191,1.72
0.544,-0.842
-1.07,0.534
-0.951,1.39
-0.904,0.953
-0.139,-1.27
1.27,0.301
-0.658,-1.31
-0.124,-0.95
0.439,-1.09
0.763,0.921
1.09,0.614
0.646,1.23
0.851,0.95
-1.39,1.09
0.439,1.5
-0.182,-1.54
0.0179,-0.7
-0.795,0.276
-0.636,1.35
1.37,0.219
-0.825,0.481
2.29,1.22
0.122,0.599
-0.874,0.719
0.179,1.87
-1.2,-0.248
-0.995,-1.39
2.32,1.32
0.0624,-1.05
-0.383,0.671
-0.593,1.28
-0.532,-1.17
-0.346,-1.5
-0.296,0.538
0.713,2.04
-1.21,0.488
-1.42,1.13
-0.882,1.29
-0.74,-1.53
0.805,0.42
-0.122,-1.14
-0.409,0.349
-1.31,0.0708
1.44,1.38
-0.532,0.181
1.71,-0.289
-0.8,1.66
-0.144,-1.03
-1.39,-0.943
-0.0978,-0.424
-0.716,-1.19
-0.223,1.04
0.39,-1.2
-1.86,-1.3
-0.794,1.24
-1.08,1.31
2.55,1.4
-0.693,1.28
-0.977,0.639
-1.62,1.02
-0.95,0.144
0.262,-0.673
0.987,0.258
-0.266,-1.2
1.22,1.35
0.929,-0.902
-1.66,-0.735
-1.32,0.0399
-0.334,0.18
-1.38,-0.149
-0.495,-1.2
0.673,0.172
0.643,-0.403
0.512,-1.34
1.39,-0.872
-1.22,-0.68
1.45,0.273
-0.237,-1.4
-1.24,-0.919
-0.974,0.511
2.35,1.14
-0.446,-1.53
-1.25,0.857
1.19,-1.25
0.192,1.94
-2.04,0.401
-1.01,0.768
-1.89,-0.418
-0.0305,-1.09
-0.0625,-0.12
-0.0681,-1.24
0.708,0.961
-0.18,-0.639
1.52,0.315
-0.058,-0.904
-1.67,-1.26
0.683,1.6
0.995,0.502
1.37,0.625
0.433,1.65
-1.59,0.913
-0.268,-1.52
-0.499,-0.766
0.0538,-1.01
0.48,-1.15
-0.434,-1.16
0.955,-0.0158
-0.432,1.13
-1.84,0.0932
-1.2,-0.451
-0.606,-0.997
-0.89,-1.17
-1.25,-1.14
1.14,0.148
-0.39,-1.01
-0.288,0.305
0.985,0.114
1.86,-0.213
-0.214,-0.235
0.907,0.191
1.34,0.32
0.388,1.64
-0.874,0.922
-0.0656,-1.57
-1.99,-0.912
0.00854,1.31
1.06,0.913
0.983,0.611
1.21,0.354
